1,1.011067483469148,-0.01457223600495195,0.8112892695663642,0.009377375679845212,0.9961568052480049,-13.20618420978339,5.510855004334352e-06,-7.223785829553763e-06,1
2,1.009978973956867,-0.01368118776499517,1.199810490589494,0.008762173013831939,0.996416912689968,-12.70874833782394,4.982607584217991e-06,-6.638032680490902e-06,1
3,1.019188147292301,-0.02735955509181771,2.693018558704288,0.01911519874745931,0.9907873145962226,-27.2514654847613,9.040291158345052e-06,-1.226242662179175e-05,1
4,1.019586513711633,-0.02800170261463845,2.629100984625342,0.01917693295597077,0.9905871195289003,-27.14102939792272,9.312235773252487e-06,-1.270788665213409e-05,1
5,1.029647950812085,-0.04362842413530406,4.347494627320753,0.03025042871778819,0.9830974565905709,-40.88366944746705,1.419492245921605e-05,-1.980397099734717e-05,1
6,1.028326184418674,-0.0427740435361412,4.808383954777138,0.02976891853493631,0.9830546709628135,-40.65739455550824,1.322852914641447e-05,-1.869601582405878e-05,1
7,0.9917862149678351,-0.05672583713652726,33.54679247428927,0.04921647809433439,0.9914726965654873,-72.09223355123942,-4.907131942860695e-06,-9.789326786867664e-06,1
8,0.9884933716882129,-0.05942836060680392,35.05696478794184,0.04946108885161879,0.9869463081141915,-71.56331256185847,-6.20283696813654e-06,-1.397754728656876e-05,1
9,0.9826532622197859,-0.07249334831960398,45.83214733095924,0.05932237741311808,0.9852853425777433,-87.74302753051728,-9.504701948188951e-06,-1.352974776727807e-05,1
10,0.989621578148541,-0.06894507310101754,42.46342150734726,0.06103807347806193,0.9918627085670954,-90.12494766623389,-6.531898070247382e-06,-8.454939981502466e-06,1
11,0.993637934442186,-0.07731338087402891,48.09366361266065,0.07539171090757091,0.997295746551058,-110.7336394329766,-5.13595535257837e-06,-3.710348002375965e-06,1
12,0.9960354802013883,-0.07527488222109628,46.92730578770341,0.07590294205550778,1.000248349853756,-111.6417155142603,-4.150892001684318e-06,-1.088511756294788e-06,1
13,0.9879956946924053,-0.09844259772944776,60.3256749629674,0.08748471607947333,0.9888785914784874,-127.0180287766118,-6.192352696088076e-06,-1.382334879595565e-05,1
14,0.9964976174116609,-0.09243052412409453,56.06592366535466,0.08918527338509054,0.9980709808970433,-129.9537191235379,-2.746576073096812e-06,-5.85575937685017e-06,1
15,0.9796353806470712,-0.1054167858038741,70.9603883482949,0.09767023062055652,0.9868083117443667,-143.1585568136739,-1.260708741025081e-05,-7.214241045892828e-06,1
16,0.9776342660084514,-0.107229549927368,72.11191620804091,0.09721643216699333,0.9844138291154119,-142.3336807229803,-1.324137388661919e-05,-9.496957276825393e-06,1
17,0.9989575909498777,-0.1149391407297059,71.64717144921011,0.1157922297098524,1.000391007779114,-167.6906862665014,-1.85244217049499e-06,-2.460892639921407e-06,0.9999999999999999
18,0.9991134406892357,-0.1144593145889204,71.47949742420326,0.1158141303848645,1.000714200063912,-167.7764128898006,-1.880979235772648e-06,-1.950822436487244e-06,1
19,0.9940709206462146,-0.1270406214161981,81.82399026660109,0.1273902374746764,0.9968722377873268,-184.3252450045679,-5.138047636451283e-06,-1.751587000089948e-06,1
20,0.9913110222086351,-0.1284809950394598,83.09485606579985,0.1264786958408424,0.9942293256209545,-183.145188070467,-6.339584258308396e-06,-3.849784427240501e-06,1
21,0.9847736080467314,-0.1423509382800867,94.98121413682621,0.1386914324610684,0.9900747358965826,-200.2304391442259,-9.270532264763254e-06,-5.094043488263e-06,1
22,0.9857950392480711,-0.141795388979588,94.52704092256816,0.1391709886860567,0.9912932728296708,-200.8709548982806,-8.849569721525791e-06,-4.18355485083605e-06,1
23,0.9861930357117726,-0.1554158438380317,104.19511626276,0.1523792416111702,0.9916536611270328,-219.4030086509706,-7.647054873735428e-06,-4.508576259947963e-06,1
24,0.9828798844875739,-0.1547110066495245,105.3186995639901,0.1514634723088793,0.9904702939718775,-218.6064830476451,-9.809445243397316e-06,-3.760305494422414e-06,1
25,0.9815615544602583,-0.1639011269274107,113.6519381704327,0.1648060036433629,0.9905971185812772,-237.3730618486152,-1.144982609969076e-05,-6.026499093724647e-07,1
26,0.9798139739438723,-0.1638946563370664,114.2806397100128,0.164290022946117,0.9896410321404839,-236.8581320700956,-1.247940956462952e-05,-7.662664845092303e-07,1
27,0.9703251263769094,-0.1744646562700794,127.4564097774438,0.1727840559132159,0.984578783337688,-250.0573837638589,-1.713213517205006e-05,1.035276832866141e-06,1
28,0.9695251276336725,-0.1754053148045801,127.937369903028,0.1728162523130972,0.9836691773354401,-249.9700901103193,-1.737724116548398e-05,-1.365420999810876e-07,1
29,0.9717795653478625,-0.1873559834316203,136.6186606317104,0.1877031734010575,0.9865879607796157,-270.3966045135417,-1.493314056604027e-05,4.709610018530861e-08,1
30,0.9677702243419302,-0.188711147574454,138.5152840264952,0.1867474209153424,0.9832311900458476,-268.8631317600925,-1.693060336075912e-05,-1.390270343848882e-06,1
31,0.9657870351069973,-0.1905146033684648,139.5783708333413,0.1856514658805677,0.980388366170298,-267.272954986896,-1.731406516159778e-05,-4.31224487730651e-06,0.9999999999999999
32,0.9658762435512733,-0.2063470324879183,149.5253304702344,0.1998514466942629,0.9774664982663669,-285.5805473321233,-1.596750524517205e-05,-7.616625033355786e-06,1
33,0.9570157306609732,-0.2143339274320769,160.6178078268502,0.2085057109800433,0.9726776144371352,-299.2868222413848,-2.128500273423884e-05,-6.013223756505768e-06,1
34,0.9546808888465919,-0.2151509356458003,161.6085415117108,0.2076813503980036,0.9703590249097923,-298.0418049116644,-2.239883897963398e-05,-7.139084167130535e-06,1
35,0.9539100476828578,-0.2157518933787685,162.0494072838207,0.2069100862352943,0.9691501151488495,-296.9905172704827,-2.253388676261223e-05,-8.188656330689646e-06,1
36,0.9563552456500817,-0.2297680783608526,171.60535847135,0.2219461190978647,0.9703327333740697,-316.9786537914919,-1.981564094041528e-05,-8.862223321331628e-06,1
37,0.9600344340563172,-0.2419713139096691,180.7402012731514,0.2356341765955854,0.9717111147427185,-335.335026278405,-1.637898841777433e-05,-7.633799667129507e-06,1
38,0.955952377861836,-0.2443203738791851,182.9281054697674,0.2338663826546069,0.9675038317573169,-332.7818157743508,-1.773978813419945e-05,-1.094370421772165e-05,1
39,0.9533229440518743,-0.243894786208935,183.773733338964,0.2333194090519725,0.9663875626793408,-332.1940339675672,-1.936734270002761e-05,-1.07012346740073e-05,1
40,0.9455295539579163,-0.2468255890973649,192.9754884227999,0.2430728685997466,0.9659657787155614,-348.150491696808,-2.599453290928512e-05,-2.789017455465496e-06,1
41,0.947709083302019,-0.2480129617551928,192.3182333483767,0.2439920950235618,0.9663519316390965,-348.8751845450208,-2.457733676407542e-05,-3.935937965420628e-06,1
42,0.9408578019291185,-0.2636192329458029,206.9715397842626,0.2546420760707436,0.9606767499528062,-363.3277530123308,-2.503368982782196e-05,-8.062658810140492e-06,1
43,0.9344273709383288,-0.2719437181400833,218.2877261596599,0.265682647653042,0.9575573909715892,-378.7072836238066,-2.831856272731008e-05,-5.693197375752114e-06,1
44,0.9389679243807573,-0.2693262951368171,215.9721993576613,0.267469028727682,0.9624578434677206,-381.5588718112119,-2.662483453524157e-05,-2.221135440566138e-06,1
45,0.9322979183731113,-0.2774640062888231,220.4262110942552,0.2649798884214289,0.9520952647421097,-376.4519281932347,-2.754385468562822e-05,-1.250483799316243e-05,1
46,0.9314604257266526,-0.2827031750098256,229.3783537802235,0.2776931709470325,0.9552256682619732,-395.0690901636036,-2.862753553472434e-05,-5.526050168894157e-06,0.9999999999999999
47,0.9334527823231594,-0.2845855811600408,229.2643359863364,0.2785497623940627,0.9550551425515446,-395.5096773989704,-2.696864823123582e-05,-6.979941219549503e-06,1
48,0.9261177141284045,-0.2956395225730021,242.4067844388385,0.2891605636847742,0.9505926760565265,-410.1629907545213,-3.00582836202752e-05,-6.235048730482839e-06,1
49,0.9265103547954986,-0.2983257355313609,242.9156860493652,0.2889478936259201,0.9486195566212297,-409.2593747973236,-2.865718597354919e-05,-9.845996603644297e-06,1
50,0.9183760750690854,-0.3047147208713859,254.794848154646,0.297343365927459,0.9461610627140933,-423.020618296494,-3.363910136250402e-05,-4.908418658349314e-06,1
51,0.9301896459772834,-0.3078173257787906,259.4604397491681,0.3155155048104359,0.9591929732836129,-448.7197209801466,-2.834300821497882e-05,7.209843665865474e-06,1
52,0.9283492943235971,-0.3095864291494456,260.3012952717925,0.3140562218865562,0.9559088903988386,-446.3938496374394,-2.898831541180436e-05,4.806183690080171e-06,1
53,0.895978799430366,-0.3259368413599411,283.4181771290377,0.314607700569159,0.9307734081470518,-446.9694300725287,-4.25961129856311e-05,-7.385312705472596e-06,1
54,0.8967108360302852,-0.3258880992464926,282.9224239190303,0.3147139847598286,0.9307840834919276,-446.973310389258,-4.22104843239139e-05,-7.737463281539193e-06,1
55,0.8943346214626144,-0.3346968716993123,294.1531908724108,0.3264349886882653,0.9319564700706136,-464.7080618401941,-4.356214968512387e-05,-3.372158942386479e-06,1
56,0.8959897406814368,-0.3336969587123868,293.3904831512253,0.3270200726431815,0.9341420096242261,-465.9387840787729,-4.318257521465697e-05,-1.482296522483152e-06,1
57,0.8927364592475555,-0.3495190375826817,305.4836662171085,0.3356210699981705,0.9241334422096766,-476.178960813454,-4.085311099945405e-05,-1.106320088244119e-05,1
58,0.8963112163858636,-0.3497504643625095,304.770949648593,0.33743550397804,0.9278792882614003,-478.9465175919925,-3.878999302402058e-05,-9.898982574439697e-06,1
59,0.8785539407135177,-0.3671685080543513,322.7853330160602,0.3418690841234106,0.9085753615559807,-483.2401357718843,-4.414298078912544e-05,-2.208823023553261e-05,1
60,0.8757164266904846,-0.3658301343833613,323.472128099751,0.3409925228407675,0.9078267991304633,-482.3550760994556,-4.645867787254233e-05,-2.035029935391135e-05,1
61,0.8676803627398796,-0.3629583163799514,333.8005959901923,0.3530715295172909,0.9120318227397176,-501.4682694809333,-5.377681683884674e-05,-5.870088867883959e-06,1
62,0.8678673354708639,-0.3628128782072834,333.6534829229403,0.3531986767182443,0.9121603831666172,-501.6189600600516,-5.370707836130033e-05,-5.811154831081251e-06,1
63,0.8619674009143493,-0.3715323897002998,346.5775415326094,0.3608579702172565,0.9100587828887361,-514.4779779534098,-5.625054065763748e-05,-3.104433055510688e-06,1
64,0.8637639483328531,-0.3703521622867221,345.77758873283,0.3623568006761742,0.9127055408315051,-516.6419898941912,-5.570240430691694e-05,-1.172755071158687e-06,1
65,0.8508391284712841,-0.3912331781672743,363.6482207530647,0.3705052703196302,0.8949941278143514,-523.884744371717,-5.68348784723149e-05,-1.634308289357614e-05,1
66,0.8560893354888232,-0.3899640271236938,361.4684577714535,0.3727450771021549,0.899354174262518,-527.1930783123421,-5.443834146917579e-05,-1.410727973103992e-05,1
67,1,-4.370222321645441e-17,8.149906296645448e-17,0,1,-1.610634249484329e-15,-1.072971918529036e-20,3.916537760894802e-20,1
68,0.9999999999999685,2.914081557949987e-14,1.611048075305956e-11,-1.565174369299392e-14,1.000000000000012,1.014274174218458e-11,-1.004268749081943e-17,1.173688943709442e-17,1
69,0.8503547786429684,-0.4097127436211427,386.0546422381823,0.3939585182542439,0.8943282334354336,-556.8525458254412,-5.347960553218027e-05,-1.416622347581084e-05,1
70,0.8514624033115962,-0.4089900372229719,385.6800654215636,0.3936027185361649,0.8955639057200082,-556.9142754350255,-5.320264244289036e-05,-1.282365199033769e-05,1
71,0.9999999999999833,2.6788569231056e-14,-1.682804314166468e-12,-1.041187705367145e-14,1.000000000000017,-1.024793098327856e-12,-6.772759687806397e-18,1.050551012531856e-17,1
72,0.9999999999999871,1.687447427498457e-14,2.17113841828482e-12,-7.497751567529891e-15,1.000000000000009,1.775708458020706e-12,-4.795580867812568e-18,6.767219778310658e-18,1
73,1.000000000000084,-7.188594524212635e-14,-4.306262149828177e-11,4.492103642888678e-14,0.9999999999999692,-3.009139067807063e-11,2.891920742955383e-17,-3.22644983057637e-17,1
74,0.9999999999999803,-4.529355184402507e-14,5.776216903433916e-11,3.561500274873379e-15,0.9999999999999443,3.938345790083933e-11,2.265996136572414e-18,-1.953094482163329e-17,1
75,0.9999999999988974,-2.189081717508723e-12,2.938182396654891e-09,1.325084377938215e-13,0.9999999999971931,2.029652923330983e-09,8.453481976718857e-17,-9.645178741112718e-16,1
76,0.9999999999999616,-7.456988403275391e-15,5.097765547354842e-11,-1.07326242466244e-14,0.9999999999999724,3.482391076040731e-11,-6.991562213464501e-18,-3.308008114617213e-18,1
77,1,-2.023828291103429e-16,1.886139083185209e-13,3.715256134693334e-16,0.9999999999999996,-1.722377557693154e-13,2.128714944063753e-19,-3.469872161806766e-19,1
78,1.000000000000037,-2.877279118977048e-14,-1.937469149663834e-11,2.126984137111934e-14,0.9999999999999869,-1.446134266782778e-11,1.256763982101258e-17,-1.283156846474983e-17,1
79,1.000000000000005,7.656172469921046e-15,-1.266520906870294e-11,-7.452431035549955e-16,1.00000000000001,-7.354764574138778e-12,-3.867836039938418e-19,3.408850967283774e-18,1
80,0.9999999999999596,6.112532901926508e-14,-3.534865850677669e-12,-2.693959574845042e-14,1.000000000000041,-2.270080184652288e-12,-1.552958270617229e-17,2.26503811871586e-17,1
81,0.9999999999999427,-1.179609526516768e-14,8.09311605419247e-11,-1.584457146599818e-14,0.9999999999999606,5.079872321381383e-11,-1.002340959191212e-17,-4.600701109630925e-18,1
82,1.000000000000423,6.045172923606661e-13,-9.46655158290809e-10,5.201358588570668e-15,1.00000000000084,-6.642702356575575e-10,2.850109967611344e-18,2.661366873288287e-16,1
83,1,2.280450799168341e-15,-3.291048654626948e-13,0,1.000000000000002,-1.95177251536293e-13,-1.389351878821985e-19,1.119989240147636e-18,1
84,0.9999999999997971,-4.602226265456759e-13,6.545402706985443e-10,2.045824704066966e-14,0.9999999999995167,3.46979674371409e-10,1.298668211357645e-17,-1.670425248540798e-16,1
85,0.9999999999999997,-7.307092360829389e-16,2.85544276705388e-13,0,0.9999999999999992,9.951915171045869e-14,-5.060929290574959e-20,-3.691309428146751e-19,1
86,1,2.03369511046508e-15,-2.853708516165837e-13,0,1.000000000000001,-1.820198914877151e-13,2.550986853019655e-20,7.758249785609876e-19,1
87,0.9999999999992207,-5.988036583600025e-13,1.399487410891779e-09,-1.290173355355915e-13,0.999999999999041,8.928248816725591e-10,-8.340408568383956e-17,-2.4680684883307e-16,1
88,1.000000000001626,-1.688869450485682e-13,-1.817427941118335e-09,5.645940204839407e-13,1.000000000000685,-1.243202528071901e-09,3.636100972885825e-16,-7.435825798436423e-17,1
89,1.000000000000001,-2.274622669791029e-15,-6.375207946129637e-13,1.869062200483878e-16,0.9999999999999992,-6.86506223129147e-14,1.321090878357965e-19,-4.78071331080935e-19,1
90,0.9999999999999997,-9.465461050042735e-16,1.475113531465825e-13,7.252748817965935e-16,0.9999999999999978,2.190440488281784e-13,5.55541102307714e-19,-1.447366000190315e-18,1
91,1,3.321328312184036e-16,-5.158634295762834e-14,9.065936022457419e-17,1,-5.056622097739648e-14,2.430061849144087e-19,-1.659789638584157e-19,1
92,1.000000000000018,-3.472576678605726e-15,-1.703407203567052e-11,6.527473936169342e-15,1.000000000000007,-1.328153902565729e-11,4.198450139526966e-18,-1.085987317088074e-18,1
93,1.000000000000229,2.279754909021576e-13,-4.450854012310918e-10,2.574641331440102e-14,1.000000000000341,-2.949874271957543e-10,1.661185725264758e-17,9.726651611094081e-17,1
94,1.000000000000005,-4.200961771275245e-15,-2.591145834971041e-12,2.703739345529237e-15,0.9999999999999982,-1.719801847300047e-12,1.719701922434793e-18,-1.827533294366288e-18,1
95,1,-1.135851672539859e-15,-1.895039417814788e-13,0,0.9999999999999996,6.679641152463562e-14,-6.023137243454458e-21,-2.544968459522022e-19,1
96,0.9999999999999994,-2.788530408366934e-15,2.098587557869241e-12,6.501698235713335e-16,0.9999999999999958,2.631177007697824e-12,4.365599830868805e-19,-1.639391748497751e-18,1
97,0.9999999999998423,1.17965258255165e-14,1.757697941173127e-10,-5.490242407043896e-14,0.9999999999999302,1.210243139840553e-10,-3.543364121483765e-17,5.344552988645526e-18,1
98,1.000000000000012,4.149218273057213e-14,-4.440574322142721e-11,-5.471063152997835e-15,1.00000000000005,-3.245628546650044e-11,-3.525283465569407e-18,1.868605101509453e-17,1
99,0.9999999999999555,-5.656415447189152e-14,9.622494836324969e-11,-2.97378694306389e-15,0.9999999999999191,6.940823721532687e-11,-1.773228062004178e-18,-2.360324248880971e-17,1
100,1.000000000000228,-1.813145945054286e-13,-1.193420098334754e-10,1.248124410841755e-13,0.9999999999999228,-8.340182376180327e-11,7.437426644935634e-17,-7.556936642688918e-17,1
101,1.000000000000003,-3.409154440950641e-15,2.019017655872867e-13,6.571276245064278e-16,0.9999999999999994,-7.333670661519543e-14,4.753064840363878e-18,-7.145243145580912e-18,1
102,1.000000000000024,-3.798057471329676e-14,3.469692079522371e-12,1.589830591602214e-14,0.9999999999999742,2.224129782106988e-12,1.032095018983564e-17,-1.574947974008078e-17,1
103,1.000000000000032,1.748213567983539e-14,-5.292359425552442e-11,6.735002234692893e-15,1.000000000000033,-3.405105254304672e-11,4.393474666708832e-18,7.254441731256538e-18,1
104,1.00000000000001,-9.314020400155323e-15,-4.19263684116466e-12,5.030390948996219e-15,0.9999999999999959,-2.622101202217635e-12,3.234036743869732e-18,-3.701327394853006e-18,1
105,0.9999999999998905,9.575409340592554e-14,5.439164773200392e-11,-6.188812864183536e-14,1.000000000000046,3.92165053244642e-11,-3.7392177384891e-17,4.181119694580504e-17,1
106,1.000000000000001,-5.757081554841926e-16,-3.423681905281257e-13,9.324707258201809e-17,1,-9.412388034547414e-14,1.073740954890933e-19,-8.249798847392465e-20,1
107,1,4.037563085559147e-18,1.208242563160587e-15,9.66330305767677e-17,0.9999999999999999,9.80714245567726e-15,1.478668589035515e-20,-4.219039319143966e-20,1
108,1.000000000000017,6.423014696908765e-15,-1.083897633886665e-11,-1.798386983908908e-16,1.000000000000018,-2.028822655886749e-12,4.332287236438561e-19,9.782913019243133e-18,1
109,1.000000000005134,-2.952893061686449e-13,-6.035237660601254e-09,1.703516441115338e-12,1.000000000002371,-4.00627414231099e-09,1.091933088936722e-15,-1.260024502257586e-16,1
110,1.000000000000367,-3.426381986364632e-13,-1.556689603085043e-10,1.969252106139767e-13,0.9999999999998418,-1.013478982363926e-10,1.260717175076205e-16,-1.428968143913333e-16,1
111,0.9999999999998314,1.828416371884422e-13,6.758308144210848e-11,-8.899182952774209e-14,1.000000000000088,4.254588781120262e-11,-5.730968572650561e-17,7.420774990275746e-17,1
112,1,1.496410335322719e-15,-2.058767005294421e-13,8.963011316097512e-17,1.000000000000001,-1.338910532551618e-13,-3.05132899163246e-20,6.383763733994035e-19,1
113,1.000000000000008,-1.399629551505241e-14,2.153313720560212e-11,8.282389629953594e-15,1.000000000000004,-1.356576270571137e-11,4.888665953323316e-18,-2.708336314207457e-18,1
114,0.9999999999792761,3.56384557305986e-11,-2.333245025670864e-09,-1.385917814807709e-11,1.000000000023739,-1.491807733773467e-09,-8.848692539086313e-15,1.454824035101933e-14,1
115,1.000000000000257,6.361308162508249e-13,-7.810463012351422e-10,-5.570254405170699e-14,1.00000000000078,-5.429932502096321e-10,-3.596728924688947e-17,2.769067593940312e-16,1
116,0.9999999999999997,7.392725267226993e-16,5.682540930535115e-14,-6.594800806061706e-16,1.000000000000001,2.560393893435993e-13,-3.679212283110014e-19,5.945765560749392e-19,1
117,1.000000000000004,1.611936973658654e-16,-2.37463015060704e-12,5.656061578189852e-16,1.000000000000003,-6.907464608572546e-13,1.13812863536843e-18,4.29013867949288e-19,1
118,0.7149299162351191,-0.6362588230111103,737.3687133547772,0.6115345494948764,0.7748292510055508,-846.4647156267532,-6.276018370509035e-05,-2.65565269361587e-05,1
119,0.6904523222286278,-0.6201932181161556,747.4723637451485,0.6106850665092842,0.7784556433493655,-856.6089297927053,-8.656531122818782e-05,-3.594244802274707e-06,1
120,0.6851674698391975,-0.6218415310513499,749.0095758399499,0.606915459445,0.7727016956893931,-850.2817911703964,-8.75795337871863e-05,-8.457396038066071e-06,0.9999999999999999
121,0.6899617294233047,-0.6210663624112726,748.8437281165691,0.6112611286815433,0.7768341939494063,-855.6796353414906,-8.673633951097441e-05,-3.078251581182112e-06,1
122,0.699049369382621,-0.6324496175742331,762.4242587535779,0.6304699946859396,0.7785451418855133,-878.4410085560894,-7.718379211329086e-05,-2.356867969758053e-06,1
123,0.7025200664090121,-0.6431220755526307,777.7797451374876,0.6434307132028355,0.7791210076039581,-896.557080510058,-7.105651088752389e-05,-1.957826453878218e-06,1
124,0.7050611809425786,-0.6429456347395327,777.2959904000239,0.6462969513447142,0.7819060529832682,-900.5338336938884,-7.039721631140359e-05,-2.262245258166424e-07,1
125,0.6747484051625676,-0.6460366088961351,793.948670550546,0.6375100964898498,0.7588536683975041,-887.782505686598,-8.397092646940716e-05,-7.627270860790718e-06,1
126,0.684033438805089,-0.6471423053754101,793.2627864970868,0.6442259092980237,0.7666365816145296,-897.7482094866531,-7.981592934747566e-05,-3.522138895028033e-06,1
127,0.6882398965782894,-0.6535275704829753,797.347667123313,0.6477069623707353,0.7675380741368424,-900.8367065455,-7.512262127902535e-05,-5.192186294242974e-06,1
128,0.6221949596607483,-0.6544755105951515,816.091093939507,0.6119076302427301,0.7120975508717579,-847.6099486272642,-0.0001010929386211788,-3.530403438185341e-05,1
129,0.6484727405460388,-0.6600999261959234,815.3871049809022,0.629887360352449,0.7250145511847801,-867.6758107559223,-8.698917791338655e-05,-2.772463073075405e-05,1
130,0.6451730749023092,-0.6615745229294836,826.559873165417,0.6384053104629274,0.7294419849744316,-885.1083390829866,-8.882377114139369e-05,-2.162075014366512e-05,1
131,0.6808651112113712,-0.6687303887652604,837.4824860020417,0.6813994376057815,0.7618762011723813,-946.445018072689,-7.60474872798191e-05,5.992630782650032e-06,1
132,0.6757245687548579,-0.6675544125287519,838.7422884099633,0.6780244886190796,0.7597129278861027,-942.4955023942255,-7.890555700680159e-05,6.036776909148502e-06,1
133,0.6770901543619996,-0.6676164238743585,838.5790800346,0.6784966780109145,0.7604156799419631,-943.2296538384512,-7.855786253893028e-05,6.909593863955863e-06,1
134,0.6779340875479521,-0.668347206356856,838.9444443947286,0.6797954748344485,0.7616398369912194,-945.2029819558186,-7.761106803702702e-05,6.543598880837318e-06,1
135,0.6689142620136084,-0.6913878719937657,874.162576861094,0.6965872174310249,0.7482113011088731,-965.6154743858896,-6.950868707584689e-05,-3.670470065222661e-06,1
136,0.6590070849264401,-0.6896016197974636,874.2535750311762,0.6888941403875498,0.7391880076201339,-953.4605022470263,-7.465399881115265e-05,-7.348520002869514e-06,1
137,0.6683781077303312,-0.6952119094812725,885.9231514182113,0.7080877893319836,0.7474826248451976,-982.2302890108048,-7.106973587279314e-05,2.279369652791743e-06,1
138,0.6573415009469241,-0.6927021543705311,887.3602134842961,0.7010098056802725,0.7402417955696486,-971.7752872396823,-7.692706684474875e-05,7.875128665919662e-07,1
139,0.6369933959445343,-0.6923556466290492,901.2854509552336,0.6979586109968851,0.7279912415009254,-969.583170542082,-8.64162779056079e-05,2.147702753024416e-07,1
140,0.6295576162085454,-0.6898984669628548,900.5433234704752,0.6917772278519136,0.7227948884356805,-961.398906327938,-9.098393485452839e-05,-1.509222170440822e-06,1
141,0.6097497372384028,-0.7009741162643357,923.1952368157895,0.6878203428314903,0.7059968075471444,-954.6980328294253,-9.456364758535038e-05,-9.440011862423007e-06,1
142,0.6131950856516709,-0.7030469837315546,921.1657367817998,0.6891045924182175,0.7052123902675286,-955.2165910055352,-8.996444164351807e-05,-1.502565075232214e-05,1
143,0.6487059979154629,-0.7101128805531121,933.130741346338,0.7333815837651753,0.7356575919252138,-1018.211262300503,-7.584965285642558e-05,1.088883048001105e-05,1
144,0.6425939423730963,-0.7105078622152886,934.2858033443416,0.727472807998274,0.730044440045148,-1009.620906021676,-7.766685440574204e-05,7.090731635131526e-06,1
145,0.6267633743633714,-0.7225851927376786,953.1299048092595,0.7292595928977078,0.7091619090244291,-1004.700499430271,-7.772141398568977e-05,-6.051373745493821e-06,1
146,0.6092766522177431,-0.7170840793361143,951.9980121050033,0.7149739218439597,0.6977942632871093,-985.5993808958225,-8.681931012073898e-05,-1.105078140144391e-05,1
147,0.5948035685519683,-0.7184296282571248,966.3511839187382,0.7090901612693491,0.6897150592487405,-982.8917331817921,-9.37726624432982e-05,-8.99172733959626e-06,1
148,0.5925043375020688,-0.7157531376148718,965.8425236429548,0.7084848191993192,0.6904553259920096,-982.999016657933,-9.684786765968174e-05,-5.978218886982108e-06,1
149,0.6054382976677929,-0.7296117567485954,983.6815276914231,0.7351965936650858,0.6974403695258713,-1017.361618057079,-8.569027168888909e-05,-2.739408600995126e-06,1
150,0.6036597458446221,-0.7294967440843437,985.0836909888532,0.7334772552746601,0.6970107329881077,-1015.456762624247,-8.69066203925069e-05,-1.546513794533825e-06,1
151,0.5910116332984281,-0.7319261106947349,1000.694607557986,0.7351728713826039,0.689118195481163,-1019.048415495272,-9.221737566925624e-05,8.13812340267583e-07,1
152,0.5840455201713732,-0.7315051046608686,1000.92033587694,0.7262627916668789,0.6815646435219711,-1006.00269868324,-9.449020835642123e-05,-3.579735301777815e-06,1
153,0.6024448403922762,-0.7435690202991021,1019.041098975089,0.7595380377040485,0.6951618101592751,-1050.254702773635,-8.208521558099449e-05,6.198997857498234e-06,1
154,0.5974583507170217,-0.742811741212529,1018.479134518204,0.753367718939744,0.6905831449187025,-1041.954504297259,-8.37793329878567e-05,2.861002905228637e-06,1
155,0.579660519434341,-0.7496388752027778,1034.708939080863,0.7475663284509672,0.6726789429853054,-1032.441990520749,-8.562701931699421e-05,-7.605879456489419e-06,0.9999999999999999
156,0.5732251313658381,-0.7458976619869149,1033.092203159973,0.7446466102986086,0.670245947384122,-1028.639771541255,-8.983232819930468e-05,-7.909002549805266e-06,1
157,0.526898542239066,-0.7374242533141749,1044.305214168196,0.7178703686599436,0.6418194329896804,-995.1718815834363,-0.0001124932159002986,-1.713408732947801e-05,1
158,0.5587049874896736,-0.7454484577684289,1045.221943112936,0.7448950298124691,0.6609937983027264,-1030.21773561313,-9.695794560924478e-05,-6.958176848445506e-06,1
159,0.5730106074294963,-0.7577113315073269,1068.244021551433,0.7731518962448389,0.6770995291047036,-1073.240221150315,-9.049421561911793e-05,8.981627674473946e-06,1
160,0.5656552455082429,-0.755570108878509,1068.585005669975,0.767400338791139,0.6732169976448905,-1065.751992371639,-9.452303012819272e-05,8.031929279507818e-06,1
161,0.5703255336460787,-0.766834843612377,1083.250736288632,0.7782294626772569,0.664246112436335,-1074.325597563146,-8.718704876336122e-05,5.097067760846316e-06,1
162,0.5614117694366682,-0.7651275244165473,1079.831841622209,0.7669260623991067,0.654853115067107,-1058.403026344863,-8.912571819962224e-05,-4.153467649325604e-06,0.9999999999999999
163,0.522661088019252,-0.7565184108799824,1090.936942194257,0.7490723347549797,0.6349751818629408,-1037.938253932571,-0.0001092882881870902,-7.970915452655689e-06,1
164,0.5417544859112279,-0.7626462306448165,1094.478937084986,0.7690568207773832,0.6502309486227708,-1065.984163494243,-9.969716570806633e-05,-2.966601634222782e-07,1
165,0.5553388908249446,-0.7775238280306077,1116.899002764621,0.7927954499147875,0.6556859381165143,-1096.982045298697,-8.910336539421132e-05,6.777381977331552e-06,1
166,0.5573396561339582,-0.7764793422750342,1115.640206261256,0.7981189209400293,0.659865987696707,-1105.320425423814,-8.984670719946241e-05,9.298700050279943e-06,1
167,0.5502487083449876,-0.7832313072560271,1130.969654061509,0.8003015611295897,0.6482437175595301,-1105.316082541787,-8.801498693948912e-05,4.90350255820834e-06,1
168,0.5432820560617782,-0.7885577901920527,1134.713296928335,0.7942814053823836,0.638983860736573,-1093.245888789282,-8.387915968841523e-05,-7.514372124616906e-06,1
169,0.5580203384967242,-0.7969361972103833,1153.705359494961,0.8249821894490956,0.6550565815486251,-1139.816604829343,-7.922684078686884e-05,9.230594662722274e-06,1
170,0.5475451753636984,-0.7925008517648897,1151.743824305313,0.8148854467804589,0.6487118857904434,-1126.596889566238,-8.498282537105821e-05,6.808653625990077e-06,1
171,0.5316609850551139,-0.7977719609139206,1164.400032028607,0.8064463530067432,0.6283563873232145,-1111.208047516844,-8.660238860760739e-05,-4.622048544652191e-06,1
172,0.5438976668892876,-0.8039851939661837,1169.423944307812,0.8218267685371169,0.6383187077904611,-1132.122092083775,-7.905245585212818e-05,-7.515246305102746e-07,1
173,0.5312336557722108,-0.8036673389427413,1183.092896750364,0.8204953615152504,0.628104117613828,-1130.306678466816,-8.738207166196928e-05,4.52102985320315e-06,1
174,0.5192174703439848,-0.7991870064165606,1179.374316216007,0.808146544112717,0.6183472038238395,-1112.334683907912,-9.239380067881696e-05,-1.840239430385386e-06,1
175,0.5060387715714978,-0.7972569736997402,1189.619828445139,0.8018425297782311,0.6103120908860959,-1109.210559758934,-9.675089533430509e-05,-2.492511636667236e-06,1
176,0.5044929534586119,-0.7996481198549382,1187.657367352269,0.8035907036567751,0.6033240992984342,-1104.510004574474,-9.595549484626933e-05,-9.583319851171456e-06,1
177,0.4962062803824581,-0.8085132626131292,1211.222596829083,0.8122107298820144,0.5985829002498304,-1116.114549180933,-9.428897913009378e-05,-8.656782740122645e-06,1
178,0.5084170357882435,-0.8157633620771705,1211.087380553914,0.8183934284266589,0.5988221337426048,-1120.991944323632,-8.395678769837542e-05,-1.427404925717488e-05,1
179,0.5065432680797781,-0.8218733043646554,1224.07291586196,0.821426053711528,0.5959354934328606,-1129.641526810402,-7.962161241638892e-05,-1.757240215292307e-05,1
180,0.5052061222042777,-0.8202212127496308,1225.659616867985,0.8220987161542191,0.5988008569852429,-1132.726364675659,-8.275332062799582e-05,-1.259342521306206e-05,1
181,0.4867208846277737,-0.8185685591738969,1238.719480324183,0.8242707329310248,0.5883027964244993,-1134.718774672588,-9.123926772960236e-05,-1.207046325080671e-05,1
182,0.4511805937812407,-0.8062446904206522,1222.114293025158,0.7799950186809594,0.5546537054009392,-1069.983354707657,-0.0001016181113832696,-4.080060524855795e-05,1
183,0.5052349574360675,-0.8356322422389316,1264.710339011407,0.8601582454012785,0.5995478238282569,-1182.353709372455,-7.861622616512303e-05,-1.692277348935261e-06,0.9999999999999999
184,0.5023479745628441,-0.8341825725863914,1262.752942199871,0.8569297787085428,0.5963185229906425,-1176.814209164904,-7.979700993012311e-05,-3.853944890640552e-06,1
185,0.5492200134244466,-0.8642156235105423,1307.106657862291,0.9264877228784631,0.6282167181334521,-1270.220879998375,-5.666510423908369e-05,2.836976877063905e-05,1
186,0.4787781644515943,-0.8321308238383492,1276.652686172387,0.8476211179611818,0.5767871029206867,-1159.858167159086,-8.976640338503891e-05,-5.706035258113406e-06,1
187,0.4896452296300209,-0.8432830517654957,1297.519676791088,0.8724027048471624,0.589041967369851,-1200.502624547747,-8.154730048851838e-05,2.351540183725842e-06,1
188,0.4791776533565488,-0.838051921159095,1293.147810481103,0.8604285100297874,0.581606805501279,-1183.729671264476,-8.751402656147873e-05,-1.200283008113033e-06,1
189,0.4716349662000054,-0.8421140274742329,1306.950713034967,0.8650851082744291,0.5769814701240311,-1193.546167366195,-8.78304786161152e-05,-2.696936698140526e-06,0.9999999999999999
190,0.4670321880813226,-0.8412457918531792,1306.88837223871,0.8590625364028497,0.5721591618899163,-1183.697257476265,-8.967001692258324e-05,-4.653078972312862e-06,1
191,0.503918715710415,-0.8663601394104351,1342.153481335967,0.9169233984788966,0.5987975149994832,-1265.425407393174,-6.849253162293916e-05,1.560632711698854e-05,1
192,0.4935817156564794,-0.8615422505153418,1343.761026712578,0.911817190589119,0.5963205239799709,-1258.539907585546,-7.648583840406462e-05,1.964912044489074e-05,1
193,0.4640469943511177,-0.8548191500496771,1342.450737466527,0.8827055346065973,0.5652161837286861,-1214.414398655487,-8.587387358943245e-05,1.703114339139364e-06,1
194,0.4595461193965278,-0.8502285540427105,1339.781613262986,0.8829637397464699,0.5662624834582146,-1216.055965780712,-9.120407546702651e-05,4.468768607185459e-06,1
195,0.4749035257424558,-0.8721317028315216,1373.896684532822,0.9131929567054243,0.5759367295196058,-1259.331303630718,-7.699797565821642e-05,1.174887298607495e-05,1
196,0.4807836533809202,-0.8750993696686561,1376.415001403094,0.9222648037427301,0.5794162713866249,-1270.248258695854,-7.326724351988224e-05,1.338883426459803e-05,1
197,0.4731387402533173,-0.8808270890950741,1386.675026761194,0.9185191922353436,0.5611878622943182,-1257.955657577068,-6.860107332412854e-05,2.015359140092803e-06,1
198,0.4588229699312549,-0.8731745574271814,1379.788791543442,0.9000228997352423,0.5506899289052548,-1232.082239236001,-7.57706870041272e-05,-3.618702774969931e-06,1
199,0.4342640551830748,-0.8633612423527174,1385.786996036722,0.8897656534438215,0.5420069219217586,-1225.416115118862,-9.129544128492227e-05,-7.248992329697538e-07,0.9999999999999999
200,0.4365818096463668,-0.8659804211845795,1389.447071827079,0.8939403568101643,0.544144243513648,-1231.00062214128,-8.903337834217341e-05,2.300606718521307e-07,1
201,0.3994210505073915,-0.856695858007717,1369.413229769757,0.8368460418698874,0.4934691514834375,-1142.985835200493,-8.411222563204776e-05,-5.223203679722785e-05,1
202,0.4323218573678176,-0.871353359804643,1407.184046582081,0.898619360263323,0.5412280236121797,-1240.741614923806,-8.84013435219865e-05,2.926159908061511e-06,1
203,0.4227402550563102,-0.8748152096376557,1421.170005588268,0.9074810510307028,0.5271512738900885,-1243.603140960195,-8.931997091542217e-05,6.767120831470513e-07,1
204,0.4302801550506318,-0.8804582890357132,1429.903199030099,0.9178153238021932,0.5331600773550261,-1257.719553957824,-8.699841969409527e-05,7.940180879928552e-06,1
205,0.4484359441307483,-0.8971474429339313,1457.266993203837,0.9516839460671525,0.5489228189877651,-1312.824501152366,-7.389280814398125e-05,1.767043363085121e-05,1
206,0.4311490493290939,-0.887385419017882,1446.715438441542,0.9345803842635906,0.5359641965684082,-1285.783353582609,-8.208592777083124e-05,9.149625688513794e-06,1
207,0.379637075081988,-0.8661087609932655,1439.796558794763,0.8868592556033351,0.4996213213163804,-1217.19210551322,-0.0001064693314604994,-5.266026434834361e-06,1
208,0.391711350967455,-0.8730438636885404,1439.835477750265,0.8844976063046612,0.4997713159639173,-1214.130767261032,-9.66626248433672e-05,-1.012100229746841e-05,1
209,0.4044346867478509,-0.8898143710889953,1472.186686236792,0.9262265735383006,0.5105913862322827,-1271.168714423831,-8.922250422096241e-05,4.10744670287463e-06,1
210,0.4328867925353114,-0.9082021672440187,1488.997387528767,0.9633552555090416,0.5250403129411627,-1317.612314450116,-7.291542521054782e-05,1.239358515153755e-05,1
211,0.3961644373344045,-0.8955864823196714,1485.965025175159,0.9205532222471626,0.4971643009121125,-1261.064718324222,-8.49944810594938e-05,-4.538942551346577e-06,1
212,0.3762271491930262,-0.8798958086222537,1471.484730110812,0.9034489579375119,0.4862748790976323,-1235.631729547785,-9.894265354552837e-05,-7.434044569313944e-06,1
213,0.3788887613765287,-0.893716403680328,1503.428483206478,0.9216773409415193,0.4911007482846285,-1264.986302700469,-9.31907597577998e-05,1.359041765663673e-06,1
214,0.3653452600572487,-0.8812513782227025,1493.202765464697,0.9094563349041507,0.4859853262840318,-1249.343167032407,-0.0001040369369596192,2.329832963450593e-06,1
215,0.3667350687529187,-0.8908574052557225,1510.783744315264,0.9246272083928232,0.4815952197182199,-1267.686074382205,-9.848817440730564e-05,9.499028326824831e-07,1
216,0.3750153468776118,-0.8965125549873932,1515.620952878186,0.9355175961762552,0.4852169604435047,-1280.992928134135,-9.316803618779912e-05,2.438349773767015e-06,1
217,0.3735013510766248,-0.9032757985180438,1534.34684795861,0.9475225023851916,0.4813621675139517,-1297.412522971316,-8.918385519655499e-05,4.056228558975404e-06,1
218,0.3743175568324064,-0.9038230465127812,1535.090977865453,0.9487833495339284,0.4822391505847606,-1299.480941599011,-8.884308519473822e-05,4.60916796800014e-06,1
219,0.371042189346493,-0.9100221970683123,1553.368771978968,0.9532261399917454,0.4785740155949209,-1308.40250833427,-8.720970706663892e-05,6.825645928865936e-06,1
220,0.371050909958192,-0.909899019971605,1552.978895417434,0.9530104378917876,0.4783599189083606,-1307.98780971696,-8.718324202370774e-05,6.589263614598692e-06,1
221,0.3775448336124078,-0.9211414335848672,1579.809045162754,0.984141183390344,0.4829980153083275,-1350.568290037873,-8.321743558433827e-05,1.814506640288225e-05,1
222,0.4315165277853005,-0.9638166491608722,1630.355935497925,1.051942465803885,0.5208901029838877,-1451.270013469774,-5.286591749590961e-05,4.126544740602782e-05,0.9999999999999999
223,0.3498285550630009,-0.9138736549163522,1580.994740365346,0.9549065639900691,0.4614017163152742,-1311.802264466673,-8.776442296621675e-05,1.319670113110811e-06,0.9999999999999999
224,0.3605137775193104,-0.920098129620587,1586.595719937935,0.9724940690346937,0.4664783348236213,-1333.125107436078,-8.277962955380212e-05,5.30848704751465e-06,1
225,0.3216070416616848,-0.8961632716255687,1568.997711857445,0.9232703498485896,0.4362115792119008,-1264.268644918132,-0.0001026267888147097,-6.690557388892361e-06,1
226,0.3153623670735459,-0.891850909383183,1565.56310374867,0.920241326549525,0.4334675115529031,-1258.876189431802,-0.0001061913893625666,-7.837201372734502e-06,1
227,0.3338879998677969,-0.9135541535306371,1599.648754390125,0.9621860228715147,0.4410510294574615,-1315.105793263952,-9.287156372174398e-05,1.772417419213212e-06,1
228,0.3544631273208477,-0.9326948231886731,1619.795562624716,0.9872093689507742,0.451371630642148,-1348.995247551868,-7.578898970399861e-05,3.251474553342368e-06,1
229,0.3419666638979513,-0.9304854924361521,1639.108864579613,0.9886915477997379,0.4454414101069164,-1351.980578030659,-8.884549087940292e-05,1.907121218147748e-05,1
230,0.3497417108048435,-0.9373783302549039,1646.240436197195,1.012685138262589,0.4515608657637406,-1382.708936504218,-8.268868441331886e-05,1.990671752193041e-05,1
231,0.3354292708193618,-0.933115783915714,1664.045805038404,1.01003066234677,0.4521017230464144,-1389.754028398566,-9.576820266778801e-05,3.511284429671877e-05,1
232,0.3461640311904918,-0.9404930602412088,1669.795156427102,1.017852229096429,0.4555240541689914,-1400.136913555069,-8.986700298752926e-05,3.710583863787878e-05,1
233,0.2647487645394705,-0.8871886559185227,1613.834420738162,0.9096251088609175,0.3976769160033307,-1246.23448628769,-0.0001251103831988666,-3.387175611434645e-06,0.9999999999999999
234,0.3143911444943207,-0.9282866753639859,1661.142445377805,0.9794302327756088,0.4256598567047866,-1341.71886554115,-9.694578933214157e-05,1.546282659973934e-05,1
235,0.3348689544924998,-0.9493463459675373,1697.155360883935,1.027626154767251,0.4356716930635896,-1408.135980035543,-8.226577029136466e-05,2.767851780079712e-05,1
236,0.3467687443513119,-0.9606460691941305,1709.348784397528,1.041338632464916,0.4426810006721782,-1428.755848475463,-7.186107914690991e-05,2.80909031640408e-05,1
237,0.3055510919238961,-0.937157453007591,1693.150957377434,1.006329657150991,0.4144913733033361,-1376.540359579102,-8.988805197148487e-05,1.326084538918746e-05,1
238,0.3351291249396368,-0.9586807668525256,1715.457768304199,1.048335282941447,0.4264164411681405,-1428.624941221592,-7.525816343166911e-05,2.429562687693254e-05,1
239,0.3689997612052114,-1.001690614499676,1773.641008745888,1.104596407288541,0.4439468664251978,-1513.942205537005,-4.32553388768367e-05,2.801646575575869e-05,1
240,0.3000284138754515,-0.9379073245182142,1712.567221123591,1.019223344407856,0.414759925805852,-1399.041266222315,-9.788767426872836e-05,2.775894684645675e-05,1
241,1.09878890127288,-0.01227258600897728,-139.513043034361,-0.0004886328735117655,1.09338147051021,-84.91079721777159,-2.690598688324272e-07,-8.764011791317061e-06,0.9999999999999999
242,1.099101823394731,-0.0123192655234792,-139.641387698684,-0.0004063496135350018,1.093605466331657,-85.0202235722135,-1.874667731195227e-07,-8.70259886946469e-06,1
243,0.315504230729182,-0.9697481036196298,1775.256334417485,1.064182234560268,0.4143490350190814,-1460.506265033312,-7.891191744955809e-05,3.863331021588023e-05,1
244,0.318924219281487,-0.9742094790946692,1783.306789806177,1.079522333496746,0.4158316368026534,-1477.252560712406,-7.905968480550487e-05,4.40906314786633e-05,1
245,0.2631729379319117,-0.9400305845212409,1769.464345041942,1.016684634586238,0.397475797795288,-1406.397239202408,-0.0001115286205278698,4.151349692608887e-05,1
246,0.2973301036211741,-0.9692621906225533,1796.772460645445,1.074426395880386,0.4068637155515017,-1474.185129114076,-8.633340419588079e-05,4.329159242029801e-05,1
247,0.275885251108167,-0.9482626977056088,1774.148620565458,1.038918947958569,0.388611431792241,-1428.827092386381,-0.0001000915443334649,3.56776479327642e-05,1
248,0.2834770117546189,-0.9551414155788023,1780.87466558035,1.050769978999963,0.3914292970898853,-1443.950959389216,-9.375743238254474e-05,3.550458279661673e-05,1
249,1.109096665727875,-0.01609344481511881,-147.2045785657685,0.0007629140471732173,1.102225302528379,-92.61843265233563,1.462147562047323e-06,-9.136875795660945e-06,1
250,1.109371524924776,-0.0139434949280493,-148.3869099083515,0.0007055954040179309,1.103557624071377,-93.08285407271583,1.26624020827902e-06,-7.958230409116353e-06,1
251,1.106264134530777,-0.01472845923480391,-146.6008785172636,0.0006546169492355114,1.097504824667236,-89.52256397829578,8.102723750520566e-07,-9.743683272858719e-06,1
252,1.119547545120643,-0.006166380700226697,-160.765080102187,0.002145358263352706,1.114466802669986,-99.33672977847111,2.835025664801739e-06,-3.6957008126956e-06,1
253,1.112259748885742,-0.01067585724379598,-154.8607768967298,0.0004524791445940688,1.106048093902598,-94.88112599503941,1.002491742880978e-06,-7.500662491227161e-06,1
254,1.117530476037797,-0.00707704270151745,-160.8242773798998,0.001136907372673378,1.112345981851756,-98.49374241491681,1.920621510483776e-06,-5.339910281131499e-06,1
255,1.106348305656634,-0.0143574211692352,-148.4971295742401,-0.0007937525948005175,1.100233489611504,-91.05773493336758,-3.602338947503329e-07,-9.260285735529009e-06,1
256,1.10387833474819,-0.01316250397355652,-148.3844681686084,-0.001078049726962108,1.097491731114564,-89.75611640581572,-1.144402247060858e-06,-9.905306989614286e-06,1
257,0.2278651620309535,-0.9498668344137019,1835.903558353688,1.033920821194779,0.3447099226391621,-1425.513287154607,-0.000107451134505964,3.06408143612653e-05,1
258,0.2370014720658968,-0.9602283345091462,1851.566996661041,1.053284119273816,0.3519525717651912,-1454.253016517343,-0.0001022781188103209,3.639072758742291e-05,1
259,1.108472573993002,-0.01691082089215121,-150.8034220471863,0.0007456282735972471,1.097348424521488,-91.76744744636508,4.067501293819181e-07,-1.191690804527528e-05,1
260,1.106743768857732,-0.01627448983166387,-150.303253489865,0.0003101675394300821,1.096008835612324,-90.83146886526168,-3.206980322594452e-07,-1.189394159965918e-05,1
261,1.120693897669873,-0.01426832250429358,-160.9691209722524,0.002300028748777267,1.109853016847804,-99.26377916427947,2.993337852559746e-06,-8.814989844416252e-06,1
262,1.111183362342598,-0.01724458469116384,-152.3871799959496,0.000332926435895559,1.102005680936691,-94.02398616052893,8.890581191155413e-07,-1.115122320931655e-05,1
263,1.111237606471303,-0.02156003658882156,-151.024287006682,0.001303400687402573,1.096074967141581,-91.63729180011445,1.516447631375301e-06,-1.403428652683522e-05,1
264,1.111110140656876,-0.02223933937806485,-150.71087504744,0.001077079962388506,1.095539917545616,-91.18449939227743,1.314447088859609e-06,-1.415960719849579e-05,1
265,1.11091709891332,-0.02180842833271957,-152.0163316033423,0.00115305702302726,1.094485467442312,-91.10068874688149,1.015798766193752e-06,-1.475672031503699e-05,1
266,1.110269561686756,-0.02133002424770363,-151.8861065594505,0.0008832152297193088,1.095221954093728,-91.57844617452454,5.80880003970682e-07,-1.436792273594663e-05,1
267,1.111158578335162,-0.02097148448677003,-152.5256389415604,0.0004090526010327592,1.099056229318826,-93.87415951794884,4.390607610038454e-07,-1.329624066818506e-05,1
268,1.110649805408073,-0.02017215678649012,-152.779078778467,0.0003095673454259896,1.0989559568057,-93.78553319069523,3.298345363231163e-07,-1.327630658646891e-05,0.9999999999999999
269,1.123004608218571,-0.008425880783439407,-167.8797969778192,0.001538049141926383,1.117543947590093,-103.9703227981396,1.568643280825024e-06,-5.37592343440173e-06,1
270,1.119054093422847,-0.01140486442503126,-163.2218590019946,0.001102918642911002,1.112741513016579,-101.2472946314165,8.760533180420685e-07,-7.006997633543878e-06,1
271,1.112399219353861,-0.02302409341640244,-154.721448882403,0.001178937816919767,1.095480839668206,-93.16227439854386,7.775801290221522e-07,-1.56010337558594e-05,1
272,1.112520920464507,-0.02273618407494377,-154.8069906509988,0.001151049108106299,1.095905191128801,-93.31329979260489,7.748042573902093e-07,-1.5325861960583e-05,1
273,1.118687732464752,-0.01163734240947579,-164.4442256058114,0.0002764226978222529,1.112189297541746,-100.9438607743683,2.03498754482898e-07,-7.474307987665739e-06,1
274,1.12222766077329,-0.00924052015264269,-168.243540207795,0.0008564309715667795,1.116692080306555,-103.68553227168,8.013047923715608e-07,-5.885175374701291e-06,1
275,1.118279701243866,-0.01705560338336138,-162.31881326326,0.0007617908009163982,1.106928647600956,-99.10431663713823,8.549566543623445e-07,-1.114471372742706e-05,1
276,1.12119521271175,-0.01293838905963227,-165.9460265762185,0.0007758876968689673,1.113570713928351,-102.4706336536025,8.776514902188128e-07,-7.927311252556051e-06,1
277,1.131892172272265,-0.005386931318432462,-178.3117533123274,0.001020075983169708,1.128177246884446,-109.8047980607133,1.495183873889019e-06,-1.793998803494981e-06,1
278,1.127711411911517,-0.009050513600724227,-173.2639487585846,0.001186523533406573,1.121248878532354,-106.3382171640459,1.714169771014311e-06,-5.145659318919457e-06,1
279,1.123030235104385,-0.01810835458183253,-165.8303983247126,0.0009318460856973258,1.110478671290559,-101.1247569417429,1.626927185458215e-06,-1.076417299091375e-05,1
280,1.121254604610302,-0.01647139514109037,-165.557809035909,0.0005668398967152884,1.110681918093704,-101.1339814151346,9.393837837332088e-07,-1.012614486612214e-05,1
281,1.123218960949641,-0.02233907112800521,-165.0726961225506,0.001014657486767605,1.107914531372106,-100.7786028229209,1.876000318921657e-06,-1.335866499494161e-05,1
282,1.129340347656757,-0.01736103398236017,-172.228952943925,0.001793405909030386,1.115211947254324,-104.7268946594608,2.774547415816342e-06,-1.023751573794943e-05,1
283,1.124408375746361,-0.0190032756534253,-167.739140060303,0.001326135074189094,1.110655871965471,-102.2808574200572,1.401888405665839e-06,-1.111188073985512e-05,0.9999999999999999
284,1.124381222818681,-0.02008471427845112,-167.1783926873491,0.001606134531378917,1.109164661655513,-101.70532141302,1.697368063479579e-06,-1.194845843392742e-05,1
285,0.06952097604712691,-0.8947481149477995,1939.620730455176,0.9571666228563145,0.2162546107464439,-1329.89373065593,-0.0001588145155921815,2.591010393331758e-05,1
286,0.06297890377269443,-0.8867905059684238,1928.722517857925,0.9394955768938772,0.2142313525839589,-1306.566918531081,-0.000163477273766836,2.394550834194795e-05,1
287,1.137492571421284,-0.01033100150242518,-183.4983498973585,0.002381540819410679,1.128120000256523,-112.791538079932,2.844503636784673e-06,-5.446665258054811e-06,0.9999999999999999
288,1.126275024061051,-0.01918866922568165,-170.6795337894128,0.0003566631304664978,1.114156509007723,-104.4227165864874,1.047709311243155e-06,-1.099802496164482e-05,1
289,1.123649877949394,-0.02298208045766081,-168.0321961339403,0.000783440213050713,1.108869305160162,-103.0661681099139,1.289755950796974e-06,-1.496411862624167e-05,1
290,1.123206469957548,-0.0238800476621199,-167.3953072805646,0.0008227336149490689,1.107541906475101,-102.421518269404,1.328483969228005e-06,-1.564841585217398e-05,1
291,1.125350597925468,-0.02548601209010249,-168.6543649371517,0.001026969965527936,1.109453219494281,-104.3962856992872,1.658554956382274e-06,-1.606439056922942e-05,1
292,1.125348846268517,-0.02513062338821179,-168.7519124369516,0.001012214377131108,1.11006590436223,-104.7631290410132,1.611008966941048e-06,-1.582012117704723e-05,1
293,0.1180698269601577,-0.975822731027883,2058.680446764517,1.044359022494942,0.2026433823942976,-1456.83804728931,-9.497709680320154e-05,7.646313297600261e-06,1
294,0.1529984025749104,-1.015718856771115,2094.520513400509,1.091802977834619,0.2057486004900226,-1517.378912439817,-6.321793274769388e-05,-2.987289084555864e-06,1
295,0.1042449399230072,-1.012328947107487,2232.711422808017,1.191245445735957,0.2449518227062303,-1699.531956941891,-0.000124847428435156,0.0001106516566587324,1
296,0.1180648354576802,-1.002396675717508,2145.45951243878,1.079402488396171,0.2123198103973638,-1517.911053910058,-9.930486643887068e-05,4.538184816592413e-05,1
297,0.1044525908701196,-0.9895684342840196,2122.174760673789,1.067594642667986,0.2061642648683742,-1513.443380370143,-9.99402245447833e-05,2.541734025601829e-05,1
298,0.064228736712448,-0.9469912214127373,2111.201704858819,1.057003233285233,0.2099564463528164,-1504.861927462564,-0.000145446503301418,6.600016799700538e-05,0.9999999999999999
299,0.08946292362908215,-0.9955478798344918,2202.849454015595,1.151482952026053,0.2191846070479887,-1644.780905288377,-0.0001183554736836195,7.944256661044303e-05,1
300,0.131195865592618,-1.0556359652318,2291.137877788163,1.242457737269518,0.2337536346145722,-1773.763610997568,-8.750792837741248e-05,9.385189807590808e-05,1
301,1.129600657501169,-0.02038383771357861,-178.5290342369983,0.001006593793145676,1.115334152896051,-108.5942546410076,1.204035522236553e-06,-1.445797166137107e-05,1
302,1.129820127528503,-0.02039979753832617,-178.6910511598441,0.001093617255659972,1.115672929238281,-108.9564902338061,1.260740205867423e-06,-1.445512588698841e-05,1
303,1.14599419596772,-0.007542243642908939,-196.8641776370767,0.003247218762314881,1.13777400140108,-121.529608621791,2.974102050156798e-06,-4.775304849161987e-06,1
304,1.130295016541036,-0.02558202470134624,-176.0574675018222,0.001448070414522871,1.11326427161451,-108.3205273933519,1.54403890142134e-06,-1.60950525854582e-05,1
305,1.135151927821562,-0.01795000809938571,-183.7594815885887,0.001128927625375493,1.124259382945131,-113.5550701670714,1.309878942642574e-06,-1.089836423208717e-05,1
306,1.135380108203236,-0.01801426277392824,-183.7501449260555,0.0009303241935965772,1.124650662581491,-113.5448161674889,1.317236015690497e-06,-1.062503478580429e-05,1
307,1.1342767005724,-0.02287244067697068,-181.8425934799308,0.0008348568160094225,1.12044945619733,-112.1825156001664,1.443418735308447e-06,-1.422599410304048e-05,1
308,1.135199885745273,-0.02269662315086583,-182.3558129769662,0.00099079644277575,1.121119305686704,-112.4192948492349,1.584076832112833e-06,-1.371510900644528e-05,1
309,1.139845868262274,-0.01947654983040453,-188.8433355672277,0.002687558605224913,1.127118408436155,-118.2116650085303,2.497136509214129e-06,-1.299810681946355e-05,1
310,1.133477223274914,-0.02425888324997187,-182.4468583410843,0.00181818635017489,1.118857917066911,-113.9690753505066,1.697183998968266e-06,-1.708647962952337e-05,1
311,1.148447748109085,-0.01320934614307232,-198.1035662720872,0.001814344253871494,1.141626870105569,-124.9399663789285,2.903106915704838e-06,-7.028881968880522e-06,1
312,1.150840700528126,-0.01047624718135902,-201.1720335850811,0.00211851806365669,1.145935858482542,-127.4140682245808,3.130700089424787e-06,-5.189591124322431e-06,1
313,1.151590878958561,-0.01199144670820871,-201.6472151314664,0.003229612137975195,1.143006443471136,-126.5432614949712,3.433569877882222e-06,-6.307186513843852e-06,1
314,1.145774999588528,-0.01610846352414282,-195.4427401568165,0.002425089711727388,1.135244723137373,-122.044875074591,2.532784240776589e-06,-9.266961344694359e-06,1
315,1.15014770344,-0.01437895982079279,-200.3840125166598,0.003526104310982508,1.139358944487334,-125.3187041324239,3.701110983397163e-06,-8.981556224138093e-06,0.9999999999999999
316,1.155149802768964,-0.01062582040850442,-205.7239697799291,0.00409559462153249,1.145969764296766,-128.8964774546656,4.40546700364777e-06,-6.197504586380169e-06,1
317,1.159234177096937,-0.002087125555594671,-213.3854404238627,0.002933668780067671,1.156623810721467,-133.1207413153989,3.587181824437006e-06,-1.607151299914772e-07,1
318,1.151309996744765,-0.007068791041904375,-205.3198146968023,0.001497666408605804,1.146837809581903,-127.1426200055984,2.052470602649513e-06,-3.6200958891684e-06,1
319,1.156576729342107,-0.007444539704865511,-209.4324063715937,0.002772581417303355,1.151100947244148,-130.59693672307,3.358750097560297e-06,-3.323878390282719e-06,1
320,1.153214472815483,-0.01153629610915406,-205.2932001233209,0.002432145346651115,1.145255110253575,-127.6907517599165,3.080910101446925e-06,-6.3099229219145e-06,1
321,1.163713307500697,-0.0025318403772329,-217.1784820061319,0.004306038630248671,1.161153918709752,-137.2696385175194,4.445674770337445e-06,3.379874061926153e-07,1
322,1.163400958271469,-0.002452956769372845,-217.3618301840473,0.004356895303437981,1.160076208139157,-136.8019600664138,4.440942722122534e-06,-1.218491373521385e-07,1
323,1.15485823861752,-0.01404456042572013,-206.2360583246505,0.00277315452543772,1.145510241426178,-128.8827460314011,3.139551310888716e-06,-7.002805899832644e-06,1
324,1.165001125517668,-0.006812220007195177,-217.1909336244438,0.004460057724922058,1.158002612864207,-136.2933244144218,4.878449224342652e-06,-2.210364661542418e-06,1
325,1.141441011966439,-0.02404851655150094,-193.4279827751799,0.001012941284899324,1.126722855241438,-119.1365826284874,1.34197413525915e-06,-1.589785750810592e-05,1
326,1.13995385193102,-0.02338804977890297,-192.9441846400599,0.0008010276934884565,1.125883767542252,-118.6580401267377,9.216632237414619e-07,-1.595931091280011e-05,1
327,1.13650300390855,-0.02870526624375372,-188.9684942839241,0.000838820769560785,1.120690308125041,-117.4573673542216,7.475438591581e-07,-2.033341544387913e-05,1
328,1.157521103787782,-0.01024486679652011,-211.9902933130915,0.003216684934595912,1.150507774850022,-132.674395282434,3.01839354637588e-06,-5.756900092804433e-06,1
329,1.140768520979127,-0.02623317973093761,-192.8785033331915,0.001409000336267721,1.128055547184807,-121.9373267178396,1.176581873796342e-06,-1.74539274271524e-05,1
330,1.141634135139824,-0.02465493341985288,-194.2220817457184,0.001465132274162665,1.128996334622423,-122.001892690391,1.21564286266462e-06,-1.643824072527058e-05,0.9999999999999999
331,1.135765834068646,-0.02457773573251438,-192.7502170171627,0.0004821837459106093,1.122821804318385,-119.1245865466359,7.070270769863637e-08,-1.98908173647829e-05,1
332,1.163758246664306,-0.002797777657276452,-221.4493222287188,0.003767719854973785,1.163900415076397,-141.0734257348242,3.41249751720965e-06,-1.378310918644749e-06,1
333,11.79056850824872,-28.93542185814331,61692.14187042116,51.9726872627329,6.949869513212783,-81894.76770388459,0.007942150461867145,0.01628411310723285,1
334,0.8446397474359553,-3.12654224803886,7099.242352243284,5.091508962267571,0.6560228751957334,-7950.772054908437,0.0004285104123167461,0.001448500738993389,1
335,-0.0185522944989629,-0.9182328476572401,2112.182609778719,0.8857881057895528,0.05007852107003759,-1286.494407338748,-9.338307527771902e-05,-8.769297408753368e-05,1
336,-0.1404469159053818,-0.6955832522511454,1777.891059445629,0.5853876765895675,0.02675760076557089,-828.7029700737738,-0.0002062230436721588,-9.988927668780029e-05,1
337,1.165865321526572,-0.007832555300239097,-222.7384621886477,0.003525642702042778,1.160061487358809,-139.7252117028628,3.782370361253166e-06,-4.440784371232377e-06,1
338,1.159505797478116,-0.01102383630704748,-217.0088948334058,0.002786071371481212,1.151169898034067,-134.4854616016351,2.787524031859741e-06,-7.549151296529983e-06,1
339,1.146592621073678,-0.02855811896872418,-199.370595013423,0.0008836016889187308,1.130527033697362,-123.8907345511988,1.668530052306248e-06,-1.856880191973119e-05,1
340,1.146460451788462,-0.0269004994361996,-200.2846101238801,0.0008461294227253164,1.130824849472244,-123.8205382666594,1.431654057209619e-06,-1.787235835093101e-05,1
341,1.143950592692849,-0.02880257642880726,-199.0782586633175,0.0003744111985766665,1.127577646203961,-122.5353365115395,8.919272837386401e-07,-2.017686770392301e-05,1
342,1.143167657601029,-0.02856116253944202,-198.7052759910642,0.0003461528481825521,1.127559112858851,-122.6763279231049,6.935332985843041e-07,-2.020777379608703e-05,0.9999999999999999
343,1.144753485415037,-0.02683445024073121,-201.1223235680362,0.0007334493530642285,1.129921024825519,-124.4178614745368,7.730281542396032e-07,-1.92577547765784e-05,1
344,1.144091395240245,-0.02724209867471761,-200.6413305885921,0.0006435064194150509,1.128927915400223,-123.8948346930687,7.251790717795233e-07,-1.981224353302075e-05,1
345,1.163713829510922,-0.01212043684363054,-222.5461464472243,0.003432148690756215,1.154727918038717,-138.3934354225981,3.173815956172985e-06,-8.453999746983877e-06,1
346,1.144312832095612,-0.02487787888867538,-203.3253248454623,0.0002791768709063449,1.130033858858261,-124.3217411714,1.134785755681633e-07,-1.884345226761048e-05,1
347,1.165410672363505,-0.008624594723016349,-226.8760963704607,0.002578145987291403,1.160650202022731,-141.792881105031,2.22792747621454e-06,-6.12473237425215e-06,1
348,1.147365346545173,-0.02504092990478346,-206.130900371907,0.0006727663272937475,1.133851678132678,-127.5573342232866,6.188370806696984e-07,-1.869508814506347e-05,1
349,1.150663569464804,-0.02727678354630389,-207.3188649385142,0.001434729994013439,1.134644791764037,-128.4047747143567,1.414403871441943e-06,-1.87784003866912e-05,1
350,1.148370348842704,-0.02560331106121258,-207.3250612767149,0.0009531181130987547,1.132913427447037,-127.1137223435693,1.033426122953021e-06,-1.946115280316324e-05,0.9999999999999999
351,1.152039492845394,-0.02980690694506278,-207.7539076346843,0.001615181556873628,1.134347839523212,-128.9347628944695,1.911857066394253e-06,-2.029339368885427e-05,1
352,1.152918408250604,-0.02872906872152868,-208.7998801968476,0.001325543905190193,1.136681896362032,-129.8903886293292,1.809197627328642e-06,-1.916992758400927e-05,1
353,1.151603793758513,-0.0316742656062249,-207.3498460760507,0.001005765390277578,1.132607840883261,-127.7695001402994,1.905614380713345e-06,-2.171441262330856e-05,1
354,1.151490424074932,-0.0320611586454787,-207.1006720999527,0.00116494324529739,1.132202333171775,-127.7546524570925,1.852059751007742e-06,-2.177838815196409e-05,1
355,1.172964461576544,-0.01085480068922069,-233.6710737168176,0.00333618619499497,1.166169898685723,-146.3717601643045,3.557164807406093e-06,-6.594246025709613e-06,1
356,1.149425773374947,-0.02747766323322619,-209.5983696928916,0.0006700847594494078,1.133508710166946,-128.6057914669856,7.821445725613393e-07,-2.090615046217576e-05,1
357,1.150693658020377,-0.03215857946481418,-208.8173974105804,0.001908591607626499,1.12944202254797,-127.6996400390345,1.809951517593038e-06,-2.380927531452039e-05,1
358,1.151280304733474,-0.03219205843239055,-208.9675698960232,0.001867755336984532,1.130590781712645,-128.2248398238607,1.84699907928967e-06,-2.334340727834701e-05,0.9999999999999999
359,1.154456282691214,-0.02850149330805001,-213.4377740773518,0.001201826043770085,1.135790725089293,-129.9133222781658,1.283982753708337e-06,-1.988709353278666e-05,1
360,1.154514302685642,-0.02838554203932924,-213.3593412407978,0.001192878054749594,1.13704419129614,-130.7173086643928,1.238426646517185e-06,-1.953559838640077e-05,1
361,1.153070589964842,-0.02800407585695422,-212.9937949873179,0.0008719155521096254,1.137378185492999,-131.0774710929585,8.958029402539607e-07,-1.988204181771076e-05,1
362,1.154798250508408,-0.02709553774600208,-214.8992099550198,0.001223248618194407,1.138125334235363,-131.4852250502617,1.265246806168723e-06,-1.945601590475445e-05,0.9999999999999999
363,-0.2491473060733991,-0.4906964938271028,1480.400153366338,0.321132829223391,-0.1193121980718912,-307.5798694354693,-0.0002505815578627978,-0.0001776667806229637,1
364,-0.3880056262992507,-0.3871870803341161,1722.881430675531,0.4693880256011453,-0.09136685401820506,-571.4391408100981,-0.0003851558377290557,7.802955333763145e-05,1
365,-0.3574150868328003,-0.2431080041027676,1097.046230014196,-0.02290956268166496,-0.09684180095302589,212.7995991171738,-0.0003657188070371212,-0.0001708446622420948,1
366,-0.3595230808215362,-0.3942108440533478,1628.317853559445,0.3956456588779563,-0.09500639622471491,-457.0454171473137,-0.0003594367818788663,1.179561014223121e-05,1
367,-0.1510951883173124,-1.063317148369578,3008.083269549501,1.38299961779546,-0.003049504026304406,-2182.260226851617,-0.0001788151114556837,0.0002650342082610503,1
368,-0.2271357709397662,-0.4395436809823001,1123.481694092526,-0.03492407496021258,-0.1570063169710593,315.0427065402124,-0.0002132099381529914,-0.0003760309275331986,1
369,5.222845672957519,-8.044659395380444,18842.93259837833,17.03258328960325,-20.85762529402784,5221.097779706553,0.003733000157555905,0.005082133074879566,1
370,-0.3091808511246147,-0.4074505150289278,1417.974174027424,0.2324348649237037,-0.1051186407934537,-196.5627303651025,-0.000298818909661514,-0.0001504302403211478,1
371,0.1212460802274112,-0.9146875376271291,1435.924756816868,0.3342649407451352,-0.2080735029233812,-222.7297997170906,0.0001126173103430225,-0.0006246905946575888,1
372,-0.296765170739399,-0.4098693912336189,1409.322983720817,0.238378124945145,-0.1173995810784011,-190.2152086144702,-0.0002885783308708358,-0.0001566832051199938,1
373,1.151751063905636,-0.05008166850605039,-204.8744574160436,-0.002968118394684117,1.13274496008261,-131.1080114855422,1.251716392165297e-06,-3.166572705358517e-05,1
374,-0.4249674353859943,-0.3835106180139028,1929.365470051362,0.6301712137441201,-0.1336478816161593,-801.7913697500608,-0.0004124491001262715,0.0001967880538239586,1
375,-0.7384322588097757,-0.1594400924680981,2449.492676780754,0.9004054973800687,0.001210190222433179,-1444.158419707802,-0.0007320453218990823,0.0007596858228451027,0.9999999999999999
376,-0.1620218463478381,-0.6791577089391325,1804.497148541891,0.5359089334294072,-0.129744952178171,-669.4741896281857,-0.0001652832423443385,-0.0001610012089707664,1
377,-0.4800752276194696,-0.403572933337827,1211.891223705121,-0.1460883330330222,-0.2309600715226115,545.9574637025809,-0.000416762737699249,-0.0003180803882678294,1
378,1.148478581313275,-0.05544641507565318,-203.1666355646616,-0.001594398856986126,1.122570500195002,-128.4198936764736,-2.690343185470772e-08,-3.566704599107015e-05,1
379,1.181570532120085,-0.2349884800583791,-136.7574994058071,0.053609775272596,0.9442561378211854,-77.13704405312569,6.187896241601649e-05,-0.0001704805237714631,1
380,1.192069924388671,-0.1800380839460202,-170.7448480214497,0.04041682030238917,1.015201697628104,-103.0831874598893,5.088334620376347e-05,-0.0001293389568848786,1
381,-0.3027288939999054,-0.3787345033624256,1375.563221620324,0.2091480454925598,-0.1097735033736526,-167.836636764555,-0.0002900187834433198,-0.0001556074194367038,1
382,0.01870872115660049,-0.701702203073479,1124.397017498985,0.08793279633301053,-0.2264493076414578,204.3816607630156,1.76362587227427e-05,-0.000621393175910091,0.9999999999999999
383,1.189383982073484,-0.03607030349076736,-242.8984461553141,0.005821891322026198,1.166419581210302,-154.9251095306738,1.164510558478422e-05,-2.540597527839196e-05,1
384,-0.3573945536794397,-0.2249081670515045,943.2995732641793,-0.218978752628682,-0.03726228596059209,451.4290091414621,-0.0003289843529414982,-0.0002951213936120086,1
385,1.154862293897444,-0.06865506532748623,-205.2587634204852,0.004387319158913599,1.106773475930852,-124.9062095828486,1.110436579202703e-05,-5.580072716520085e-05,1
386,-4.465525041310783,1.964519165646906,2693.598311772595,-2.249309327235594,0.07097144351354277,1915.072195566638,-0.00252874029056801,0.001388019591660914,1
387,-0.4035467757564613,-0.163828268846451,1082.769122002956,-0.05888221153104947,-0.03843396151662353,186.0337711575927,-0.0004109818659615324,-0.0001025162611236874,1
388,1.189346047122082,-0.1039889711635553,-210.0321577745763,0.02721577508064054,1.088191097226739,-131.874136681302,3.382122001749908e-05,-8.184885103378493e-05,1
389,1.174306111535373,-0.04802591127640817,-229.3749192876636,0.00960297340690639,1.139211715751705,-146.7204445093723,1.124625837210644e-05,-3.926300091148021e-05,1
390,-0.6705680064384264,0.03413331255028862,1550.323559640836,0.2531154266915672,0.004645479306988457,-420.5518065590207,-0.000655756132618075,0.0003625154438271766,0.9999999999999999
391,1.156848549804611,-0.04343987218049804,-220.1349108990978,0.001671376063396503,1.133711818953991,-138.1292765406455,1.234169846665578e-06,-3.305367740317473e-05,1
392,1.118801935682591,-0.230837722842614,-100.1091747188937,0.04837499881931322,0.8905227930806727,-49.79193819882766,4.449019204198163e-05,-0.0001803031829231103,1
393,1.348908336114273,-0.3069166331170283,-215.7169679322696,0.1316168052878122,0.9605173562280485,-139.3412106297706,0.0001572310027534186,-0.0002429745453171789,1
394,1.180765860019421,-0.04125030148121951,-236.5163793458043,0.007321821222299809,1.154593044187409,-152.3164429622681,7.888577285633713e-06,-2.812514711871653e-05,1
395,1.161701959669383,-0.02233905580319507,-235.4044447552154,-0.007908113616780324,1.170144101289735,-151.3014498266351,-7.573195103420151e-06,-1.136673994701458e-05,1
396,1.160536524125608,-0.02867708786392058,-231.4830549379085,-0.005991784225614218,1.162269600733081,-149.0288869389287,-5.937901408787145e-06,-1.659262276559197e-05,1
397,0.7050654902302803,0.2217879150485105,-39.64033241566975,-0.2006830063479162,1.168967328070664,-24.87789102100068,-0.0002324420324031535,0.0001602837457926844,1
398,1.196696264988365,-0.02356704029353912,-258.9537229358502,0.009103210736217981,1.182651330538691,-169.5892207928972,8.801328979648415e-06,-1.697718703297655e-05,0.9999999999999999
399,1.165538927088051,-0.03181205547969376,-234.7648236841583,-0.001696873173072301,1.156892439979786,-149.2975551485542,-3.253424103272986e-06,-2.022305366762707e-05,1
400,1.162892511359896,-0.03960893820738077,-229.3372029600493,-0.0003114999083940535,1.146287411187832,-145.1689998874183,-1.854884583692318e-06,-2.657462752360407e-05,1
401,1.195710458517326,-0.00702331087479805,-267.6727789547956,-0.0004195878888607495,1.209879709215483,-178.2419668856113,-9.942281584092711e-07,1.497595509194336e-06,1
402,1.195642667635603,-0.008644512046955368,-266.6845314078659,0.0001777506468826988,1.208387952627841,-178.075617134659,-4.228130377562072e-07,1.938832376155783e-07,1
403,0.6165377340022709,0.2079761017068605,15.37053403920891,-0.2667379139563913,1.137772699348329,35.5321722482448,-0.0003065372818151638,0.0002020282720792965,1
404,1.194873159346083,-0.01338019896927945,-264.8485451311761,0.002703458991218008,1.194052928964066,-170.7664146795815,1.434548054316e-06,-5.351863182095416e-06,1
405,1.199570250297479,-0.004108922689963479,-273.2374256596092,0.001593269179260231,1.206533282834093,-175.9779715473383,1.87054068184945e-07,1.711797443323097e-06,1
406,1.200704063450831,-0.002166198970520253,-275.0505080164117,0.001281177815007717,1.209199521997855,-176.963369260551,1.326399166334458e-07,3.034761350946336e-06,1
407,1.214475523735396,0.005369393066512167,-288.2507861573199,0.001091092114826943,1.227567996667644,-185.2817139822305,1.544549939406169e-06,1.082559843144609e-05,0.9999999999999999
408,1.213193785813821,0.001512841960544725,-285.511115931591,0.002923461848434673,1.221029616152374,-183.3734121112262,2.726933506394698e-06,7.035543861621543e-06,0.9999999999999999
409,1.208754388970796,-0.004622605728251543,-280.4142343145195,0.002289116267929583,1.213537777749209,-180.1915164818734,2.87648567958595e-06,1.584501100857616e-06,1
410,1.208754388970796,-0.004622605728251543,-280.4142343145195,0.002289116267929583,1.213537777749209,-180.1915164818734,2.87648567958595e-06,1.584501100857616e-06,1
411,1.201863021437527,-0.01480501464796978,-272.5064917851847,0.003717516326348223,1.197803172934472,-174.9112091213591,3.996769812425949e-06,-8.792261843946307e-06,1
412,1.209111881076398,-0.001067741387161821,-284.2759614283727,0.001491708514453315,1.218734813756418,-184.1105923091366,1.512394311922858e-06,3.32766490230426e-06,1
413,1.194298401767881,-0.0296858503345779,-260.5080640541264,0.005902499147868572,1.175451900660865,-165.9521578962118,5.066490345490644e-06,-2.002429566959689e-05,1
414,1.18906566276668,-0.03630785777655365,-253.8063348952373,0.005881273556126036,1.165214155433944,-161.0060414169228,5.351048644509482e-06,-2.562821156082275e-05,1
415,1.200463891416073,-0.02570451833265532,-267.3195858941405,0.007340137363265226,1.182202409709038,-170.3592360966856,5.832252468775736e-06,-1.707650331714911e-05,1
416,1.206523802532417,-0.01882237822783664,-274.8887209233203,0.007306067070312244,1.193397978462823,-175.7882209245261,5.77491470772641e-06,-1.141134023074988e-05,1
417,1.207429035831456,-0.02466851235915191,-273.7321605783002,0.0116932882940504,1.185978151152688,-176.6180659841843,9.00025169991272e-06,-1.858065433052417e-05,1
418,1.197269997280788,-0.02661548249060644,-266.0227360465125,0.007780406640157468,1.179217840328352,-170.6420838171283,5.537415481672281e-06,-1.975921194636795e-05,1
419,1.206678172341735,-0.01575551244064905,-278.0688854792468,0.006684968746852056,1.198371549452786,-179.0713599226366,4.493585981814272e-06,-9.287045406122558e-06,1
420,1.199379648411717,-0.02134553673187128,-270.1818560680516,0.005939824095003322,1.187696226659964,-173.1883003988837,3.643815756232316e-06,-1.371142075809609e-05,1
421,1.175359425822435,-0.04507946219596454,-243.2436081559375,0.003877306540702707,1.14947168777341,-154.4393005278063,2.161377077506589e-06,-3.360956227650571e-05,0.9999999999999999
422,1.175889476529604,-0.0432379851114753,-244.2007525759809,0.002797918247197158,1.153492491458403,-155.6524466865082,1.529739687211003e-06,-3.146033251041903e-05,1
423,1.206943715827578,-0.01587381410165117,-280.0757579883783,0.006716037871467517,1.195812008576203,-178.0879660509158,4.517306500008054e-06,-1.074052754320256e-05,0.9999999999999999
424,1.209358517899681,-0.01238800094922411,-283.5652035206395,0.006491258152437777,1.201744550493074,-181.1078281209934,4.59446476764224e-06,-8.360785738546628e-06,1
425,1.205477075816962,-0.0184825769379284,-277.4543488743332,0.006866669652076204,1.196785267020132,-179.9445470246318,3.699082811651466e-06,-1.074451829507215e-05,1
426,1.20798048952253,-0.01400258942586531,-281.3735080784242,0.006248275798954738,1.203410973462,-182.7781525481204,3.44702683016397e-06,-7.458233935004477e-06,1
427,1.200179591033921,-0.021136735914082,-272.3940199249107,0.00487189449664362,1.193806212177962,-177.7939245320773,1.26675747382426e-06,-1.06909954057841e-05,1
428,1.192853434712195,-0.02336757628776227,-265.8459318560554,0.003193099864757672,1.187813007108629,-173.6233346931561,-5.626460747927386e-07,-1.22156817101737e-05,0.9999999999999999
429,1.187507228227085,-0.0375311416578773,-255.047095685247,0.005126836305608237,1.168446907427167,-165.2033919277737,3.995240651774035e-07,-2.14229980498403e-05,1
430,1.187667051773515,-0.03774225894992695,-255.0041153354051,0.005060030984104746,1.168654845503158,-165.3144951318501,5.372146461789679e-07,-2.156898267715288e-05,1
431,1.204294550260748,-0.01947088107277045,-277.5733052397399,0.007275849891590562,1.195905367629667,-181.4990735336501,7.328753737754192e-07,-8.39179346753769e-06,1
432,1.209778467693616,-0.01643647817063,-283.2041652186381,0.00816429631812767,1.201633870274632,-184.9378047581199,2.639940909050077e-06,-7.487465473773288e-06,1
433,1.20158329769561,-0.01745466701116715,-277.2642206974882,0.004399373111872193,1.199326521265675,-182.2503242259856,-8.209443734899748e-07,-7.26867316321015e-06,0.9999999999999999
434,1.183623432896038,-0.02841350091199629,-258.6544374327849,0.001222230192787249,1.177416233650226,-168.7534189409172,-4.770256404351135e-06,-1.399984258652235e-05,1
435,1.218967865539408,-0.01728295866770962,-289.8420696279364,0.01209523335673644,1.209440602234515,-193.8799195858923,4.537076959685224e-06,-6.207246976961946e-06,1
436,1.20579125539734,-0.02628047245222169,-275.9327168925937,0.010081652126068,1.192007514178057,-183.5961079734703,2.449700141147641e-06,-1.27734036637264e-05,1
437,1.207436374053555,-0.02842008993539585,-276.6167559552874,0.01113484272240255,1.190162756385995,-183.6209381006345,3.776775432486939e-06,-1.509972903689677e-05,1
438,1.20584177956919,-0.02972150138739988,-274.7821683716685,0.01090282367151726,1.188035119629231,-182.4239751695477,3.486158619586678e-06,-1.594044741915862e-05,0.9999999999999999
439,1.207400074483906,-0.03046214440368014,-275.5659290018518,0.01185535559898221,1.189359542364686,-184.533813404147,3.517738045511494e-06,-1.548778101035157e-05,1
440,1.20762975452369,-0.03115884471253272,-275.3036070115234,0.0118736632475027,1.189782957290293,-184.9803512078844,3.640703472507688e-06,-1.57429433549941e-05,1
441,1.215449592782622,-0.023222146538583,-285.1426985946733,0.01286687980398161,1.203412132728082,-193.2248255575444,3.972392149363098e-06,-9.816975161309167e-06,1
442,1.204975574114055,-0.03339261390856672,-272.2419556192253,0.01212112008102718,1.186174885104127,-183.791213311366,2.995921764241077e-06,-1.682579329782894e-05,1
443,1.215163172228483,-0.0235254358833836,-284.5461260346281,0.01264378291342121,1.205694540264685,-194.9375701400859,3.280503830382902e-06,-8.754910847006414e-06,1
444,1.194785768009148,-0.03837194892093952,-262.3952345969652,0.009911087635719957,1.177906776206969,-178.9006742327415,5.503494161678939e-07,-1.986743589865457e-05,1
445,1.194268556600801,-0.04314922664091742,-260.3389203348035,0.01157604734974756,1.17225114087944,-177.8037302729642,1.167164630966305e-06,-2.313650983354117e-05,1
446,1.194946604457127,-0.04334044438671435,-260.6376500869175,0.01167623847467266,1.172934886125437,-178.3011410810186,1.338207553050611e-06,-2.305013200371313e-05,1
447,1.209391137405686,-0.03483187175146601,-275.7428729129478,0.01454612003532589,1.19210487330554,-191.3302386277792,2.753595385231029e-06,-1.543548891866573e-05,1
448,1.1961526958802,-0.04361469335817249,-261.3851807028927,0.01239909250911526,1.1752200084458,-181.0409193640306,1.158360445193932e-06,-2.226521586249848e-05,1
449,1.210498656908616,-0.03608437141177579,-275.8548657014539,0.01463533588529906,1.194533198372925,-193.5064518112714,2.95659140028674e-06,-1.551612558778902e-05,1
450,1.19874852773442,-0.04355477551583723,-263.4744307193828,0.01310551107670589,1.179213392465004,-184.6159236778936,1.273471230642831e-06,-2.12963818271936e-05,1
451,1.207610422892981,-0.03684895639504793,-273.7242337577122,0.01536473618766887,1.191489480605046,-193.4412869224958,2.546180111201299e-06,-1.683419135731712e-05,1
452,1.214371753792266,-0.03255797666511497,-280.4699481925269,0.01615071181375981,1.201211540701634,-199.058816462271,3.302906394823085e-06,-1.290265935069409e-05,1
453,1.218813963945554,-0.02802589423429203,-287.1149168962099,0.01775086985599354,1.206494146006212,-203.7095565476594,3.479844269402633e-06,-1.044526489531403e-05,1
454,1.218145923892127,-0.02848010665860523,-286.3613005575017,0.01772852066108254,1.205143810784255,-202.8435038836496,3.386043078324975e-06,-1.076107609759358e-05,1
455,1.218544214957938,-0.03019494006206507,-285.3565726985774,0.01843852501914729,1.20818493674267,-206.3584002052068,3.562992201025344e-06,-1.094453182789326e-05,1
456,1.219725050420032,-0.02854849468921753,-287.3792853546091,0.01842251804871476,1.208799128567795,-206.3154384320744,3.728687928568749e-06,-1.03704243313621e-05,1
457,1.215457297226179,-0.03316675953215156,-282.9171571872739,0.01854456955802788,1.203261562128363,-204.9620016744753,1.890556554146066e-06,-1.214279278450876e-05,1
458,1.210565813591636,-0.03913180783281463,-275.9179133987167,0.01786440599279545,1.195284966799717,-200.3755533075085,1.631507088563199e-06,-1.586305604829516e-05,1
459,1.224106803460827,-0.02737084535352409,-292.2850314002062,0.01986351010127724,1.213809960542576,-211.3008619871683,3.527958802143875e-06,-8.368281519515621e-06,0.9999999999999999
460,1.214782056564706,-0.03421868267764822,-281.9987233061309,0.0183734880643006,1.20164398423465,-204.0338416547342,2.087328278642731e-06,-1.311545173715956e-05,1
461,1.219185667679403,-0.03455641356092173,-285.5413830759321,0.01936233076202825,1.207331841099033,-209.1854517308871,2.255089593835184e-06,-1.173795693132406e-05,0.9999999999999999
462,1.213323872643456,-0.04070934987702528,-278.2410221456989,0.0199036160875105,1.195687609185325,-203.5829445185844,2.087684769819651e-06,-1.64420821802936e-05,1
463,1.238567615901666,-0.0305227492265438,-301.6277499832256,0.02884573005544423,1.21913446416294,-222.7220841978199,9.423512217163047e-06,-1.107695286661141e-05,1
464,1.230294832981936,-0.03426969121261469,-294.3540835912675,0.02500523884303913,1.210458248468319,-215.505430861763,6.037758594765888e-06,-1.237373728607382e-05,1
465,1.223675377548405,-0.03893076977160032,-286.6407409760264,0.02337203940779127,1.207922984595666,-214.1921277744821,4.726658381025533e-06,-1.443581628032429e-05,1
466,1.221437291835819,-0.0425664821627536,-283.1063905167293,0.02320584229816819,1.203653402516333,-212.0042867237007,4.716532894887147e-06,-1.668388645876187e-05,1
467,1.228020748913182,-0.03496397339971495,-291.4115527722115,0.02349410220237588,1.219209343832205,-221.2821900249064,3.822534704791462e-06,-9.162777615377976e-06,1
468,1.251970189208597,-0.036315686568944,-307.1084302002131,0.0346970487535458,1.228494400231916,-234.0008893253053,1.499542861837986e-05,-1.304351844101851e-05,1
469,1.223002530890007,-0.04136428705342558,-285.4256052778504,0.02320036746771884,1.208653536855444,-215.9694699537646,3.712935159376004e-06,-1.450748869603154e-05,1
470,1.230049139929941,-0.03609728969134299,-293.2145482395517,0.0243049319157625,1.218394969026723,-221.8726979121435,4.5681519020529e-06,-1.052324729462672e-05,1
471,1.220564108942794,-0.04375167472227922,-282.7874588515251,0.02350443801518097,1.206864652888902,-216.5318239666871,2.296668088767771e-06,-1.489385230927689e-05,1
472,1.225245155482343,-0.04159068499867397,-287.0078339129203,0.0245279131602818,1.212460514636011,-220.1805148266853,3.198596207270235e-06,-1.288927836611302e-05,1
473,1.225889256712328,-0.04362394491143901,-287.5280493781242,0.02690610338656698,1.211123860002965,-223.1779217799139,4.260254451735584e-06,-1.577965963893676e-05,1
474,1.20178509090838,-0.06211121400669476,-261.2659523816501,0.02335178747995658,1.176116375120871,-202.6183259734633,1.666773327296744e-06,-3.067071492426461e-05,1
475,1.228495164825173,-0.04059159877300873,-290.4885285712803,0.02601489753704548,1.216726275959982,-224.7371363178935,3.561328622282544e-06,-1.185424598202283e-05,1
476,1.22608917362503,-0.04103425016196095,-288.376080433424,0.0258264470829688,1.214858909235078,-223.8941956099096,3.109786267460632e-06,-1.238632127948956e-05,1
477,1.229505119587209,-0.04180286216479943,-290.9198277256252,0.02710517825954003,1.216105579452435,-225.9619203250188,3.813984912550962e-06,-1.225988731947345e-05,1
478,1.225640743743789,-0.04397354188796797,-287.016056870365,0.02658033733487842,1.21176665081027,-223.5099197929645,3.262934762984701e-06,-1.412434066920177e-05,1
479,1.23517088871512,-0.03742448742410063,-297.3037057880047,0.02759116083669037,1.226843094108025,-232.8225449139335,3.61364453941323e-06,-7.841850622276605e-06,0.9999999999999999
480,1.230573425403595,-0.04190230923868635,-291.6412249788451,0.0264886186148954,1.219962157313038,-228.3280650645287,3.205392178596896e-06,-1.097903353094992e-05,0.9999999999999999
481,1.255173338718719,-0.02718684570307762,-317.4854432333551,0.0332572462634317,1.251269211497987,-251.3201562927574,6.968216935416976e-06,2.187603848772476e-07,1
482,1.250626125533185,-0.0278413087260502,-313.9351182603868,0.03224156912359198,1.247323652364947,-248.4714143157717,5.999524886881055e-06,-8.262038159895686e-07,1
483,1.250589670025576,-0.03395005397748505,-311.0314736923295,0.03317712157585538,1.242571687482416,-247.3492307193657,6.902163180482596e-06,-4.341186525990889e-06,1
484,1.24834821061197,-0.03510016249973955,-308.5574847439363,0.0329856868539368,1.240599094861541,-246.3622377681621,6.517537673228087e-06,-4.988971870379613e-06,1
485,1.243662016500815,-0.03807004349091964,-303.2523108935441,0.0319645428411022,1.234735672803399,-242.3858371151452,5.203390951200418e-06,-6.016249074703575e-06,1
486,1.243642754683537,-0.03624444659260107,-304.3210941053327,0.03215668341431136,1.236570572352198,-243.7280487863102,4.897202992523825e-06,-5.059686813259582e-06,1
487,1.246160258532852,-0.03730888147982793,-306.2587384027223,0.03356365343932954,1.240827125159236,-249.1795508454914,5.082690034382671e-06,-5.088599275301011e-06,1
488,1.238846557899656,-0.04249430038345955,-298.3663125853936,0.03216180116728299,1.230405959069919,-242.4600142447417,4.057994453622031e-06,-8.94466112481811e-06,1
489,1.250852880010801,-0.0410597272674651,-307.4461293022072,0.03549780146015763,1.242056034288277,-251.8491418701381,6.766500177270872e-06,-6.334959822243237e-06,1
490,1.249116954593708,-0.0399039817559754,-306.9911709505036,0.03526527143147073,1.241816632010943,-251.7638268550482,6.257337379235338e-06,-6.210250918767152e-06,1
491,1.254493449857068,-0.03431488840875428,-313.9838813250508,0.03539380282936176,1.251329416321191,-256.9967178329202,6.128677196621268e-06,-1.564129462268192e-06,1
492,1.255559252802739,-0.03495903957016443,-314.2442895269425,0.03567362268061162,1.252211006138563,-257.6734409397747,6.513338170331586e-06,-1.608310999125667e-06,1
493,1.260067552254257,-0.03747572038018532,-317.1252002590091,0.03805858498466684,1.252261946213707,-260.4149040939147,7.997652441648366e-06,-3.156191721811222e-06,1
494,1.251931818549133,-0.04284203555273165,-308.3595266100691,0.03671320434909543,1.241074709492313,-253.2730046867888,6.844891318553916e-06,-7.090923846096759e-06,1
495,1.259908360156531,-0.03329543552637442,-319.6033455210538,0.03896595993940927,1.256907722912508,-264.7916411592379,6.764223174498171e-06,-3.691791897431447e-07,1
496,1.259667285267674,-0.03415398893194839,-318.9567253228157,0.03895385747256142,1.255873542976062,-264.1814471240783,6.714487251512116e-06,-6.486089656649708e-07,1
497,1.257755962162416,-0.03752007057592661,-316.0323585173225,0.03859556043196803,1.251928001321577,-262.3007600395381,6.688849493577252e-06,-2.866493248318444e-06,1
498,1.25480380329843,-0.03787896782115392,-313.7557295777196,0.03808633224862969,1.249442064949568,-260.6627403606084,6.019413194871341e-06,-3.405525790689531e-06,1
499,1.261407311053472,-0.03581472151320683,-319.5963711099013,0.04007603469573132,1.257515053429654,-267.1193738109391,6.914831123207135e-06,-6.970344506548401e-07,1
500,1.259839651891375,-0.03644501767959096,-318.1769319211558,0.03987380886816794,1.255343067034752,-265.7204895745023,6.619899730521812e-06,-1.241325974424145e-06,1
501,1.257731951591483,-0.03812387928997216,-316.3796734633976,0.03957644922326241,1.253821410026082,-265.7401708545987,5.727197816738391e-06,-1.889845778403521e-06,0.9999999999999999
502,1.250031384589278,-0.04323174597351188,-308.2271656171133,0.0387062437180603,1.243625282748779,-260.0914216300266,4.849336074139722e-06,-6.217561357715063e-06,1
503,1.257535237804014,-0.03742293742344636,-316.4713365369154,0.04051568783130119,1.255469423829442,-268.187504072882,5.167456668412674e-06,-8.527193843586032e-07,1
504,1.257503441467604,-0.03811754515729904,-316.2280339831635,0.04067128634997616,1.254190938621834,-267.5310817496395,5.335780094432559e-06,-1.437425457940795e-06,1
505,1.259809701152205,-0.03936144481593884,-317.1782759599516,0.04202364435353296,1.25685999766391,-270.9202574240296,5.678806839075649e-06,-1.163452982348679e-06,1
506,1.252653634171989,-0.04461699899166827,-308.8037613959997,0.04202700067277706,1.245860218872454,-265.0675721170188,4.972164137545877e-06,-4.84707862934301e-06,1
507,1.223089998523445,-0.08013473431520877,-270.6097405780884,0.0425307152646936,1.192455490636362,-240.4931638304777,4.960685092465772e-06,-3.258065369227315e-05,1
508,1.264535197949738,-0.04054215419784828,-320.3585970727316,0.04506443444148994,1.25863646491176,-275.2364968575898,6.427632360032502e-06,-5.816187332668953e-07,1
509,1.254296355217329,-0.04735590567521364,-308.6567346268218,0.04619333843431399,1.247166879738411,-271.5771566783027,5.07849306793369e-06,-4.89834636076785e-06,1
510,1.258850586066287,-0.04914443164345062,-311.1297494687066,0.0472513175971984,1.249151453178085,-273.5123137128178,6.41751264115644e-06,-5.381356835908232e-06,1
511,1.255245548970512,-0.05246733431543263,-306.8402923798727,0.04723109506715806,1.246350790645837,-273.6213887230559,5.393790593937721e-06,-6.993438783189405e-06,1
512,1.258734796863815,-0.0499143035289662,-310.7691266546151,0.0477571332959082,1.251351482245308,-276.7260742632831,5.812848622134565e-06,-5.112513798105344e-06,1
513,1.252143117723122,-0.05262053686000092,-304.1713707672503,0.04589823138919037,1.244069474031468,-270.7613831377013,4.231516890977364e-06,-6.429225819028473e-06,1
514,1.252862051664038,-0.05296104237754783,-304.4890285253829,0.04618372180403293,1.244221624217072,-271.1176566452451,4.47012676573253e-06,-6.616866337659071e-06,1
515,1.257958571846251,-0.0489309932620533,-310.7910130265511,0.04754250998021517,1.251031477644899,-276.0937448329532,5.61260016034568e-06,-4.842798331988108e-06,1
516,1.247745976696725,-0.05810028738752741,-298.6479471374856,0.04643874888877193,1.233788495206163,-265.8218193416794,4.76143106109083e-06,-1.166367429371561e-05,1
517,1.228684911947996,-0.07377961160259625,-275.4558912735934,0.04411425305956528,1.205215187963657,-248.1863440353796,2.67747158371823e-06,-2.196515832028827e-05,1
518,1.232780779997894,-0.06852872410206851,-281.2907915049624,0.04345158941466051,1.214285457512423,-252.5248583521231,2.323914157944461e-06,-1.781834343142861e-05,1
