1,1.000000000000013,-3.689126304958498e-15,-1.24711474916074e-11,2.21490876794245e-16,1.000000000000004,1.749733465224275e-13,3.169137945033687e-18,-1.644952875676243e-18,1
2,0.9999999999995282,6.253194447382023e-14,5.211549023775291e-10,-4.585053687021573e-14,0.9999999999997935,9.557046654171663e-11,-1.065887718545141e-16,2.674486593724564e-17,1
3,0.9999999999999812,8.02294855936132e-15,1.767518074519918e-11,-6.690608501820038e-15,0.9999999999999953,1.382043703726651e-11,-4.832689485828164e-18,3.491771785900119e-18,1
4,0.9999999999999916,1.372872489388e-14,3.748798224196347e-12,-7.958586738763168e-16,1.000000000000001,3.694483000138563e-13,-2.737041973387878e-18,5.418452775017605e-18,1
5,0.9999999999999936,-3.833362527304889e-15,5.966350469245395e-12,-6.172668190242407e-16,0.9999999999999948,1.688321516116504e-12,-1.574845465745277e-18,-2.343546571233421e-18,1
6,0.9999999999999577,5.352724466995005e-15,4.6616893201226e-11,-3.250849117856667e-15,0.9999999999999811,6.831810278538306e-12,-9.579936924828319e-18,2.324903462060511e-18,1
7,1.000000000000001,5.749912677997635e-16,-1.442369046410584e-12,1.802295117008418e-16,1.000000000000001,-1.691137873276003e-13,3.294754629280067e-19,2.42329136713686e-19,1
8,0.9999999999999994,-2.981965419117575e-15,6.256451112476522e-13,-2.429205934222565e-17,0.9999999999999991,1.054355686028787e-13,-1.049124793210598e-19,-1.528005767457166e-18,1
9,1.000000000000015,-1.850702761848672e-15,-1.623726862751866e-11,4.922714378468668e-15,1.000000000000006,-1.106610159406275e-11,3.438785203169544e-18,-7.962482826908876e-19,1
10,1.000000000000005,3.094126522262651e-15,-3.217641514731296e-12,1.957417840287736e-16,1.000000000000004,-5.810259506583701e-13,1.317450943427846e-18,3.333721750376568e-18,1
11,0.999999999999993,8.869102118001595e-16,6.069095015638648e-12,-6.571588236595181e-16,0.9999999999999963,1.184639286061021e-12,-1.9055938686403e-18,5.055218139750531e-19,1
12,0.999999999999997,8.337025886476829e-15,1.599903029084113e-12,-3.828088959675196e-16,0.9999999999999997,6.14642065860126e-13,-1.076808403948329e-18,4.364867624960637e-18,1
13,0.9999999999999764,6.388462673927192e-15,2.232172359030929e-11,-9.365835626101054e-15,0.9999999999999953,1.407312815303713e-11,-5.876083627428901e-18,2.627895470844061e-18,1
14,1.000000000000045,-1.992551190393001e-14,-5.068874908755907e-11,3.686693317013261e-15,1.000000000000017,-7.341692136490816e-12,9.911503157376409e-18,-8.062016411039534e-18,1
15,0.999999999999999,-3.286236152748475e-17,1.14118129845214e-12,-2.583791766400364e-16,0.9999999999999993,6.689102196665867e-13,-2.361760624290588e-19,-4.775223215555639e-20,1
16,1.000000000000001,9.060024969431956e-16,-9.103876034367775e-13,2.461009742158277e-17,1.000000000000001,-1.990068191224445e-13,2.608509159806841e-19,1.030100135345524e-18,1
17,1,-9.143946516118531e-19,-1.856184425170256e-13,0,1,-4.084430084448167e-14,1.031746884629461e-19,1.238500906364571e-19,1
18,0.9999999999999228,4.396025507725588e-14,8.266895496924431e-11,-5.983770493607087e-15,0.9999999999999702,1.207329501476098e-11,-1.794892905869651e-17,1.949818694302511e-17,1
19,0.9999999999999185,-7.761607456017341e-16,9.156245610021139e-11,-3.976556281283107e-15,0.9999999999999569,9.485430041329413e-12,-1.812158645339382e-17,-2.957334050851145e-19,1
20,0.9999999999998218,6.765423640189919e-15,2.142699417312156e-10,-2.190211730800113e-14,0.9999999999999164,4.967106707709446e-11,-3.675464889713933e-17,2.389741899674355e-18,1
21,0.9999999999999997,8.001097744710801e-17,1.627807911393973e-13,0,0.9999999999999998,3.75504492201973e-14,-6.7143534608523e-20,-1.319169442710379e-19,1
22,0.999999999999956,4.037734875145e-14,3.854678149018317e-11,-7.632003511224134e-15,0.99999999999999,1.426859244550652e-11,-1.222228041456588e-17,2.12885784552361e-17,1
23,1,7.847091800578628e-17,2.0675992386296e-15,0,1,4.076193975658184e-15,-1.453863373052762e-19,1.896282685522822e-19,1
24,1.000000000000285,-4.315742624281342e-14,-3.172697705722703e-10,1.507211863733546e-14,1.000000000000137,-3.351753145140942e-11,6.422337551840125e-17,-1.929237750220746e-17,1
25,0.9999999999959848,1.992615459310561e-12,4.403892217627807e-09,-2.534396498014353e-13,0.9999999999983477,5.252675396732437e-10,-9.120413105109907e-16,8.548971480520569e-16,1
26,0.9999999999999994,-6.494247967151774e-16,3.512977276244237e-13,9.718019143767356e-17,0.999999999999999,5.993699072934532e-14,-1.984507505467802e-19,-2.434431215109005e-19,1
27,1.000000000000071,1.108659852461478e-13,-1.670348424058841e-10,-1.509534774726852e-15,1.000000000000148,-1.122565274251483e-10,-9.717773555876891e-19,4.86853362544275e-17,1
28,0.999999999999981,-1.775848848654253e-14,2.333507114113844e-11,-3.479262425842111e-16,0.9999999999999883,1.095830427052325e-12,-3.802958047685701e-18,-8.063934235823897e-18,1
29,0.9999999999999626,1.461667409266357e-15,4.348497896934688e-11,-1.229832060531962e-14,0.9999999999999826,2.82313462913597e-11,-8.054514908975876e-18,6.600133066741286e-19,1
30,0.9999999999999949,-5.814506020321815e-15,6.423283655684909e-12,-2.822546365025492e-16,0.9999999999999964,8.325188262146713e-13,-1.035157698661473e-18,-2.454345174281876e-18,1
31,0.9999999999999764,1.246063291033738e-14,1.935310009190371e-11,-1.216914224637137e-15,0.999999999999988,2.36327938980945e-12,-6.997010656303774e-18,8.020607159713044e-18,1
32,0.9999999999999994,6.897672320750558e-16,2.043991570224404e-13,0,1,9.328825407311065e-15,-1.907015157260405e-19,3.455541285245929e-19,1
33,0.9999999999999998,-2.7247858655646e-16,2.018160316311797e-13,4.464643472442358e-17,0.9999999999999998,-3.010914122828589e-14,-1.46152578592749e-20,-8.820074034962434e-20,1
34,0.999999999998726,1.743156381184575e-13,1.435867370274796e-09,-4.33363398076922e-13,0.9999999999995137,9.203050394491842e-10,-2.815054308526255e-16,7.248766380302749e-17,1
35,0.9999999999999968,-3.986782967909652e-16,3.415452151111523e-12,-4.494261279755258e-17,0.9999999999999978,2.219922970970107e-13,-7.512472055678912e-19,-2.024895077750163e-19,1
36,0.9999999999999996,-1.06921836373622e-15,1.800083039758167e-13,1.285817388114479e-17,0.9999999999999979,2.483416042258377e-13,-1.629772337336216e-20,-2.037667914105509e-18,1
37,0.9999999999999371,9.979462169570979e-14,-8.150011219528825e-12,-4.363926390302559e-14,1.000000000000069,-5.362297589062342e-12,-2.852095398588555e-17,4.282689932299286e-17,1
38,1,-2.240038741346085e-17,6.286515281045907e-14,0,1,8.12416598890211e-15,-1.789360543787344e-20,-2.630075982187678e-20,1
39,0.9999999999995453,2.037782216156162e-13,4.91734238178343e-10,-3.415326134643876e-14,0.9999999999998173,6.905838705723437e-11,-1.046886370249637e-16,8.791467762555992e-17,1
40,0.9999999999999905,8.628342300119662e-16,1.123262581081673e-11,-3.315485009982769e-16,0.9999999999999957,7.074738366240025e-13,-2.010700634212363e-18,3.551866444310458e-19,1
41,0.9999999999999988,-3.615113337607378e-16,1.27392040269071e-12,-4.511382449270477e-16,0.9999999999999992,6.977846793105355e-13,-2.847999756850111e-19,-1.964043928678965e-19,1
42,1.000000000025513,1.48757336865045e-13,-2.895175719120011e-08,1.723547576509365e-12,1.000000000012694,-3.887892401007648e-09,5.620418492409854e-15,6.496811032186909e-17,1
43,0.9999999999999994,-2.135880003330058e-16,3.815861292245414e-13,-7.024627421038996e-17,0.9999999999999994,1.782151001320205e-13,-1.766303480465549e-19,-2.260372127759748e-19,1
44,0.9999999999999996,-6.37367233848387e-15,8.475562610864433e-13,1.235726496974087e-17,0.9999999999999987,1.161526954963624e-13,-2.510658350025749e-21,-2.988735832194279e-18,1
45,1.00000000000006,-3.651545517185271e-15,-6.644248529032273e-11,2.335774843021774e-15,1.00000000000003,-5.317717130653756e-12,1.369985987961297e-17,-1.663873223179961e-18,1
46,1.000000000000006,2.093323182700514e-14,-1.289245836664837e-11,-6.274081771428505e-16,1.000000000000008,2.994737576300879e-14,2.087036265009649e-19,9.304792577082264e-18,1
47,0.9999999999999971,-2.76654668766836e-16,1.411024228881365e-12,-9.012464485097458e-16,0.9999999999999977,2.157697079036481e-12,-9.620552962556584e-19,-4.08527221946286e-22,1
48,1.000000000000002,-1.160460037885417e-14,1.265299880431421e-12,2.184418316598088e-16,0.9999999999999997,-6.255405686506908e-14,1.257134721199266e-18,-5.701822273022672e-18,1
49,0.9999999999999998,-1.078591217184699e-17,5.4765498029622e-15,0,0.9999999999999999,2.093313464392871e-14,-5.386387132865167e-20,-2.547560874182127e-20,1
50,0.9999999999999071,4.181081228936468e-15,1.055685160249384e-10,-5.251207557503861e-15,0.9999999999999523,1.220608894013224e-11,-2.04006060930099e-17,1.926419698147789e-18,1
51,0.9999999999993986,7.161105299813501e-14,6.69782928354675e-10,-2.009008935067645e-13,0.9999999999997605,4.264453392775691e-10,-1.347087908263487e-16,3.063805431529531e-17,1
52,1.000000000000079,5.832754020778239e-15,-9.74559326406212e-11,2.516085886774219e-14,1.000000000000041,-5.781502840246864e-11,1.602029334543963e-17,2.581101520298606e-18,1
53,1.000000000000075,-1.525430279728578e-13,-5.776955766179125e-11,2.603336474674121e-15,1.000000000000014,-1.421742225164976e-12,2.216053744369929e-17,-6.879043163795699e-17,1
54,1.000000000000001,-3.775511293648821e-15,1.364997288643591e-12,1.170729453262632e-15,0.9999999999999984,-1.819109647134728e-12,6.138962183887745e-19,-1.650064530910575e-18,1
55,1.000000000000006,1.020390456438601e-15,-3.810237911228324e-12,2.406987487730111e-16,1.000000000000005,-6.408690551735088e-13,1.986887349102829e-18,-2.196168128782469e-19,1
56,0.9999999999994634,1.420650893333233e-15,5.992957978605461e-10,-1.907188302516284e-13,0.999999999999735,4.226731936912264e-10,-1.201026980717809e-16,6.707576541376141e-19,1
57,1,3.126536663473027e-16,-5.700609694807149e-13,0,1,-3.743791207864433e-14,6.595133865169248e-20,1.373371397463334e-19,1
58,1.000000000000181,-2.690603946233617e-15,-2.034452071296682e-10,7.417121349633766e-15,1.000000000000089,-1.645997626302016e-11,4.02920728399735e-17,-1.17344865312128e-18,1
59,1,6.183498449122282e-16,-1.254752923891031e-13,-4.859009571883678e-17,1,-2.120715324250071e-14,-4.312544324006867e-20,6.564339799512288e-19,1
60,0.9999999999999998,-4.39320960363997e-16,5.812774624992365e-13,0,0.9999999999999996,1.426829050847198e-13,-1.851750120992103e-20,-1.699769097612607e-19,1
61,1,2.155377111423667e-16,-4.671793142201804e-14,-2.213693980294723e-17,1,-1.239340036924674e-14,1.594912662877655e-20,7.195406911863907e-20,1
62,1.000000000000008,2.061926378538542e-15,-7.355696021635325e-12,5.383749221228857e-16,1.000000000000006,-1.675447738423751e-12,1.993572499190538e-18,6.269388115134639e-19,1
63,1.000000000000003,-4.594259071300642e-15,-2.643504347996886e-12,1.009477099218667e-15,0.9999999999999996,-1.775746752399955e-12,9.501611506214228e-19,-2.138675032721875e-18,1
64,0.9999999999994715,1.576569349225248e-13,5.792696420284832e-10,-3.252307003175345e-14,0.9999999999997586,7.029193217325451e-11,-1.205849389939509e-16,7.140160117326825e-17,1
65,1.000000001262781,-5.514476741312826e-10,-1.357976510684881e-06,5.919589454262925e-11,1.000000000555524,-1.222389367019033e-07,2.930583199314361e-13,-2.457445280835571e-13,1
66,1.000000000000001,1.101670794524427e-16,-4.578651402419867e-13,5.076464952884693e-17,1.000000000000001,-9.159668795604832e-14,2.486921428024876e-19,2.255429472640042e-19,1
67,1.000000000000001,-5.50081897313721e-16,1.147749390242943e-13,2.313325801314543e-16,1,-4.408659035611699e-13,2.503083669450889e-19,-2.566342628356974e-19,1
68,1,-8.118482640758896e-16,-6.125915153111712e-14,1.001893228520764e-16,0.9999999999999998,-3.412159387786711e-14,2.517639877812239e-19,-4.586531858301701e-19,1
69,0.999999999999998,-5.304669065058415e-14,1.09629981758703e-11,2.678995747510232e-16,0.9999999999999895,1.292286001418171e-12,1.092721031887477e-18,-2.190796669333834e-17,1
70,1.000000000000005,-3.475078403015705e-14,7.603792195111789e-13,4.979427883803165e-16,0.9999999999999967,2.434690673807005e-14,1.843537088679988e-18,-1.217070379732291e-17,1
71,1.000000000000002,2.304874886876256e-15,-2.650283571744598e-12,4.526903066813674e-16,1.000000000000003,-1.262211007335648e-12,5.2663256450988e-19,9.194455759148342e-19,1
72,0.9999999999999917,6.84002756018675e-15,3.555039333680122e-12,-2.735779517365092e-15,1.000000000000001,1.518195339245634e-12,-3.076348967106944e-18,3.123834600224117e-18,1
73,0.9999999999999994,-5.615904389936105e-15,9.204076982057931e-13,-2.543466120409073e-17,0.9999999999999993,7.689857534788573e-14,-1.500497559472201e-19,-1.164064019813341e-18,1
74,1,5.004121305607837e-16,-3.395093136603887e-13,0,1,-2.289119223447935e-13,9.659621842787619e-21,2.332027949259766e-19,1
75,1.000000000000035,-3.332716133806908e-15,-4.107519344969634e-11,2.228142862405994e-15,1.000000000000016,-4.90283387263069e-12,7.377047371034672e-18,-1.323287627617686e-18,1
76,0.9999999999998761,1.594155162462683e-15,1.43228631607727e-10,-6.593212602273664e-15,0.9999999999999356,1.59772632998822e-11,-2.682537462977132e-17,7.88001933116912e-19,1
77,0.999999999999979,-1.487196804873375e-15,2.264064761897448e-11,-3.430617064524876e-15,0.9999999999999925,6.802724468863913e-12,-4.896900587095616e-18,2.503785083854986e-19,1
78,1.000000000000001,3.032003574374633e-16,-1.212771043578695e-12,8.028886519793346e-17,1,-1.866329178344209e-13,8.962149231571525e-20,7.66744051467443e-20,1
79,0.999999999999865,8.837218995456804e-15,1.598386651022295e-10,-4.383053406032786e-14,0.9999999999999426,9.696845201336123e-11,-2.837132434423405e-17,3.413909072641001e-18,1
80,0.9999999999999406,-1.128643943468594e-15,7.028087288560353e-11,-3.567986524271829e-15,0.9999999999999698,8.334901454408852e-12,-1.250523027768314e-17,-6.08442503634883e-19,1
81,1.000000000000048,-1.023633764222277e-14,-5.38403707344598e-11,2.683781434767261e-15,1.000000000000022,-5.743403602873968e-12,1.057175989980732e-17,-3.957977825934056e-18,1
82,0.9999999999999807,1.698516671358192e-14,7.150878629475542e-12,-7.520521052031301e-15,1.000000000000003,4.543646822879352e-12,-1.19402723551315e-17,1.464407359542273e-17,1
83,0.9999999999999982,-9.292971141953038e-16,2.221754165302541e-12,-5.410442630919964e-16,0.9999999999999984,1.438448816201297e-12,-3.95392800551878e-19,-3.405965719730762e-19,1
84,1.000000000000001,4.584376459603196e-15,-1.164190621660361e-12,2.243282442708149e-17,1.000000000000001,-1.755226519337039e-13,3.404765432192587e-19,6.397381182187523e-19,1
85,0.9999999999999929,1.941222794214256e-14,-2.048130834143363e-12,-4.735969615717702e-15,1.000000000000013,-1.246174406450595e-12,-3.396245005514437e-18,8.168751899518164e-18,1
86,1.000000000000014,-9.413342979105698e-16,-7.958874398249588e-12,6.743951189658404e-15,1.000000000000009,-1.524888649868936e-11,4.393285154281112e-18,-8.437685532462559e-19,1
87,1.000000000000001,-5.233446973936098e-16,-8.829665467423056e-14,-9.675144857348091e-17,1.000000000000001,-8.217405622646284e-14,4.385662791291817e-19,-2.547689412480911e-19,1
88,0.999999999999991,3.41036737492302e-15,5.806368655937516e-12,-1.831597335770678e-15,0.9999999999999964,3.628525606968945e-12,-2.827125063091282e-18,1.547057664785932e-18,1
89,1.000000000000837,-8.171239171894696e-12,8.656184924569175e-10,1.836602707316972e-13,0.9999999999982946,1.443920519362981e-10,5.137534604074768e-16,-3.450077751569586e-15,1
90,0.9999999999999901,-5.149907297130441e-15,1.279989846869096e-11,1.441836093606735e-15,0.9999999999999912,-2.212528619629914e-12,-1.912931807530511e-18,-2.212879426704289e-18,1
91,0.9999999999999972,3.578038130652859e-16,1.076917437654873e-12,-1.00359139143068e-16,0.9999999999999979,2.928767123211143e-13,-1.050405344464183e-18,1.97712372658419e-19,1
92,1.000000000000019,-9.319098310256768e-15,-1.908950126167196e-11,2.085165285165206e-15,1.000000000000004,-3.270765979770073e-12,4.608524491686915e-18,-3.868005526828898e-18,1
93,0.9999999999999998,-7.919529791242248e-17,7.479300298538815e-14,0,0.9999999999999999,2.60580064502074e-14,-4.056989030216308e-20,-9.537298093743033e-20,1
94,1.000000000000004,5.357487415159243e-17,-3.274914609701007e-12,1.800519484772521e-16,1.000000000000002,-5.145638426634786e-13,9.370868822375928e-19,-7.477875879092878e-20,1
95,1,1.735843032739553e-16,-4.590192830081791e-13,0,1,1.663978767265003e-14,-2.520458898064143e-20,5.307717742606274e-20,1
96,1.000000000000001,1.076146735830058e-15,-5.552206234192249e-13,-2.804773956947764e-16,1.000000000000002,1.269570233635086e-14,4.803802459606273e-19,9.981984127332662e-20,1
97,1,-3.59905984550233e-17,2.501009194995585e-14,1.887941297082303e-16,0.9999999999999997,-1.117704157708702e-13,1.039051835788487e-19,-1.845084268115608e-19,1
98,0.999999999999871,1.685572591373521e-14,6.54121209910014e-11,-1.036157801878511e-14,0.9999999999999176,1.412612951724423e-11,-4.679777291348683e-17,1.118183996340519e-17,1
99,1.000000000000001,-1.672433586191209e-15,2.474805650848893e-12,1.304637126475521e-15,1,-2.767813843838138e-12,7.490443534473634e-19,-8.468387290923124e-19,1
100,0.9999999999999994,-3.473638088405648e-15,6.747577902914348e-13,0,0.999999999999999,1.145845198759338e-13,-2.24425818326042e-19,-7.57399467441923e-19,1
101,0.9999999999999861,5.719847485592122e-16,1.510524229787666e-11,-1.034885128824914e-15,0.9999999999999928,2.553963307545863e-12,-3.198088016364814e-18,2.560023608854295e-19,1
102,1.000000000000057,-5.523919245254286e-15,-6.141294574017675e-11,2.03723983362515e-14,1.000000000000026,-4.663188203311061e-11,1.311122350109617e-17,-2.301176111423092e-18,1
103,0.9999999999999986,-1.439550051045792e-14,2.43163023928087e-12,0,0.9999999999999968,3.198589917949019e-13,-2.218080815702441e-19,-6.010582290216855e-18,1
104,1,5.07200845515266e-16,-9.403225577759895e-13,9.001333152938719e-17,1,-2.631689562247351e-13,5.835583324427693e-20,2.209571815650021e-19,1
105,1,1.417935953620849e-16,8.283108616908603e-14,9.044298943644872e-17,1,3.57131805589757e-14,-2.808905602892202e-20,7.137103549642554e-20,1
106,1.000000000000161,1.053407915922247e-13,-1.99234778671088e-10,6.89305335459841e-15,1.000000000000102,-1.960629001335464e-11,3.213080884630201e-17,4.824520681955648e-17,1
107,1,-3.812955226417416e-16,5.139664821017511e-14,0,1,6.333553708686436e-16,4.43290174134349e-22,9.557223031244976e-21,1
108,1.000000000000001,-8.202015794746944e-16,-1.401251325419107e-13,1.857628067346667e-16,0.9999999999999996,-8.682171148089328e-14,1.269117619538861e-19,-2.647454877743362e-19,1
109,0.9999999999999083,9.397023674100984e-14,8.321775842093125e-11,-2.033322788520228e-14,0.9999999999999892,3.732447475221587e-11,-2.493992809695993e-17,4.706704785267019e-17,1
110,1.0000001005911,2.766696393494465e-08,-2.207291545247211e-05,1.021522316685711e-08,1.000000098425656,-1.885120179958105e-05,1.084085088475938e-10,-1.458262444728842e-10,1
111,1.000000000006401,-2.357094713515229e-12,-7.138899627598181e-09,5.46320424187127e-13,1.000000000002609,-1.141434848530779e-09,1.428643192867961e-15,-9.872070267290416e-16,1
112,1.000000000000046,1.411122319079243e-14,-5.629278404397225e-11,3.628519666551739e-15,1.000000000000025,-8.702725883229809e-12,9.536775018506285e-18,5.618510365381803e-18,1
113,1.002640501106972,0.000799169162424986,-3.958072643870414,3.29934926245422e-05,1.002021833409512,-0.9476590061302105,4.223005376238182e-07,2.396551391348937e-07,1
114,1.004339508064226,0.002972953526538303,-5.753125020455317,-5.825440729420453e-05,1.003064450382932,-0.3103319908470475,7.556807422110886e-07,1.489896188887571e-06,1
115,1.002434496087949,0.0008546731079433261,-4.002956597664433,1.952302579952949e-05,1.001885546781,-1.011884988753567,3.088046629972327e-07,2.664854715160046e-07,1
116,1.003652016158452,0.00282420552192133,-5.008875926565973,1.987191058063073e-05,1.003418569386267,-0.9671941976582323,6.827193096090369e-07,1.227810040160947e-06,1
117,1.002906194130112,0.0009739545498205684,-4.398643659117064,-5.050094517295584e-05,1.00215792907824,-0.8791007087700289,4.3562794301666e-07,3.233520837457708e-07,1
118,1.00293792883926,0.001118599117459394,-4.477943798935094,-9.052988026952893e-07,1.00226950655401,-1.009481979616455,4.369220233781883e-07,3.638673365492992e-07,0.9999999999999999
119,1.003264240933239,0.001214732102699593,-4.452010076979056,0.0003352118292759596,1.002386332797014,-1.471033490458715,5.449040777761565e-07,5.423460075901195e-07,1
120,1.003963509785005,0.0009062413811966885,-5.484737001454544,0.0007277623895075423,1.00246091835893,-2.267360107656164,6.762640486608333e-07,4.360467688274117e-07,0.9999999999999999
121,1.003095041663144,0.001384399856877169,-4.383443149819105,0.0002963319426742127,1.002435250276229,-1.668771706894292,5.272210110739729e-07,3.364600622160978e-07,1
122,1.003392650799775,0.001174557090670229,-4.639658844560888,0.000690581775557969,1.002652248460823,-2.49670143491353,5.248789050442976e-07,7.511658279655277e-07,0.9999999999999999
123,1.003154938982764,0.0007731958903619827,-4.463264779676515,3.575912461755038e-05,1.002342478907471,-1.293301593632799,5.054293555835402e-07,2.219807997386233e-07,1
124,1.002093895400357,0.002066388035923175,-3.915214583873781,0.0002916642551783339,1.002099024571163,-1.559788138672066,1.077407840444735e-07,9.226116661213211e-07,1
125,1.003485827549873,0.003047054435152124,-5.71370440330243,0.0003261675370030888,1.003129584069642,-1.644959042032153,4.977732080132803e-07,9.25653501621947e-07,1
126,1.003067871233064,0.0007366079796772748,-4.314579882354296,-5.805091093747433e-05,1.002432606290971,-1.13070392237753,4.864578880221292e-07,2.723899086499427e-07,1
127,1.002975114702918,0.0006898543544432036,-4.21616032826773,-2.699073565433847e-05,1.002370262600952,-1.201599640125306,4.693115817162299e-07,2.291596034351591e-07,1
128,1.002860438460663,0.0007130853625969275,-4.1328646849215,8.977544188622103e-05,1.002388675809403,-1.498513721192924,4.356040917878849e-07,2.331158258098944e-07,1
129,1.003075190968456,0.0004516612101371701,-4.12943788453945,-5.040033115951154e-05,1.002292988959931,-1.187214268074249,5.365932584290894e-07,1.128621275417828e-07,1
130,1.002981657785434,0.0004393486762549258,-4.056274094533373,-2.526392592818732e-05,1.002271711804652,-1.230293411845188,5.059906038942041e-07,1.05230359943276e-07,1
131,1.004223552929945,0.001861648941249653,-4.987655488231748,0.0003793225895688073,1.003759258589584,-2.186249527787307,8.688834117824665e-07,8.703941799878124e-07,1
132,1.003030282321241,0.0004896990728311011,-4.171005695687151,-8.465447166497081e-05,1.002202583569613,-1.213797597798691,5.039395726164325e-07,3.19313722933327e-08,1
133,1.003030942184986,0.0005222036452704544,-4.164267996096847,-3.80888318780302e-05,1.002208757460415,-1.317759712987568,5.038049475779598e-07,4.006910236664638e-08,1
134,1.003289039091516,0.000248868372913421,-4.051591299241545,-8.561243654433839e-05,1.002484536757581,-1.269011664635693,6.08576941555586e-07,1.416422923111593e-08,1
135,1.002619970140924,0.002114300878424686,-3.705629037832822,-0.000219661221219309,1.002920924138686,-0.9921356344790834,3.86276546151275e-07,9.237499738593965e-07,1
136,1.003139551814158,0.0001562655614773955,-3.95538833072738,2.774377868842553e-05,1.002219522439,-1.475862371347223,5.369645349893468e-07,-6.037190849614006e-08,1
137,1.002997144967972,0.0001118891614944087,-3.815625969987746,5.403716189536547e-05,1.002100429365355,-1.512318625428015,5.046509354686548e-07,-1.094770785455824e-07,1
138,1.003264033429654,0.0001497725352658681,-4.102493964564964,1.996706548777445e-05,1.00214305437145,-1.422269683875395,5.725729954893936e-07,-1.360548618478431e-07,1
139,1.003277954553464,2.381888351957332e-05,-4.07213859589998,2.291364298435254e-05,1.002034450741731,-1.386215950911101,5.846211496456034e-07,-1.960660196179804e-07,1
140,1.003164549892311,-3.9278699776824e-05,-3.978798238791979,-6.075360316681036e-05,1.001928976755102,-1.19227713606036,5.491344388523841e-07,-2.223169653048739e-07,1
141,1.003435052752337,0.0001134102843337752,-4.105451344771391,4.596324902941098e-05,1.002382246543253,-1.523762020387725,6.149262572219277e-07,-4.102047985792693e-08,1
142,1.003543714218961,0.0002091595406233446,-4.221334236940624,8.153806215407346e-05,1.002564255676268,-1.633482355496658,6.385567061240412e-07,1.529627233723309e-08,1
143,1.003381388607046,3.055058040478382e-05,-4.021421391092204,6.495496155369149e-05,1.002238735047509,-1.773854994956317,6.197240810941426e-07,-1.211635617218906e-07,1
144,1.003823098470486,0.001131774162531017,-4.630753931757751,-0.0001456599851697695,1.003149246512832,-1.375088142059072,6.645241057631123e-07,6.018468830038048e-07,1
145,1.003106307192673,-3.720931446641297e-05,-3.804821627504128,7.960948786994878e-07,1.00200148031864,-1.624621117572044,5.422775103565146e-07,-1.430790428455944e-07,1
146,1.003640104816371,-0.0001949365903549439,-3.960096963961112,5.262172826152804e-05,1.002368865785406,-1.71859214541005,6.585584164430853e-07,-4.732263332645586e-08,1
147,1.0035493756419,-0.0002476475967682929,-3.889397560957996,-1.106878361101943e-05,1.002250791817117,-1.626157196972012,6.555139246527588e-07,-1.205084334246992e-07,0.9999999999999999
148,1.002939803150369,-0.001629940503104893,-3.103751102233907,-0.0002224105112150279,1.001515230348308,-1.126424267025862,5.098152288187277e-07,-6.348398906960979e-07,1
149,1.002990639647862,-0.001440544534613617,-3.254770218275874,-0.0002203030872689115,1.001578945023112,-1.161996964992947,5.240693649997187e-07,-6.363814858076816e-07,1
150,1.003267317391454,-0.0002305393196433113,-3.677962624867072,0.0001254937321849351,1.002108365061318,-1.902526412410909,5.339615851370771e-07,-4.47622296114252e-08,1
151,1.003300073156848,-0.0003829545856527408,-3.591702493366704,0.0001511381298473807,1.002036141351264,-1.907465172461389,5.627035995894666e-07,-1.312093419056387e-07,1
152,1.003336630383388,-5.700304406338776e-05,-3.835981442999411,9.515529290943269e-05,1.002213498351334,-1.852649019045974,5.345390632112242e-07,1.684264240365313e-08,1
153,1.001922222972816,-0.001899767382628897,-2.276514926722372,-0.0001135426507356292,1.000963589601576,-1.430793370917477,1.97700933542517e-07,-6.898384869254898e-07,1
154,1.002140754437484,-0.001581158213965216,-2.855415288334619,3.664045004766012e-08,1.001687016532182,-1.792992146784443,2.925417516282776e-07,-7.374972865175038e-07,1
155,1.002672927443424,-0.00036026325828512,-3.327100685755024,0.0002462303597986345,1.001554250872825,-2.000850133847018,3.431252377446918e-07,-1.657746055084541e-07,1
156,1.002975834849911,2.823269275093575e-05,-3.772357211026224,0.000200117887780908,1.001754724327652,-1.900130039083266,3.855929992447073e-07,4.972531026902378e-08,1
157,1.002695280306949,-0.0002586261932514143,-3.449939911815891,0.0001937069442269026,1.001522719124425,-1.881934588989265,3.347455200318362e-07,-1.413270100775736e-07,0.9999999999999999
158,1.002723326662643,-0.0004353782155863473,-3.315109674917058,0.0002055409915567455,1.001529834777473,-1.963814423725359,3.485467510271414e-07,-1.369445719498397e-07,1
159,1.002933875249745,-0.0001906688064385577,-3.496531374748103,0.0002632754722862688,1.001874788691804,-2.145695577114498,4.284647258802312e-07,-8.923400651335575e-08,1
160,1.002504278787997,-0.0005243558359650605,-2.971380136156157,0.0001934270607883373,1.001478077563304,-2.064198645064013,3.150498973785522e-07,-1.988755814981947e-07,1
161,1.002626725849786,-0.0005138819571198443,-3.037074450681092,0.0002889410904846274,1.001571344837215,-2.274852949363934,3.689467796443191e-07,-2.475153890254354e-07,1
162,1.001827473185197,-0.0009764929990533655,-2.369383044867633,0.0001641320458804218,1.000787693949059,-2.034988946161511,1.246882742504042e-07,-4.716799536614177e-07,1
163,1.002194298513962,0.0005958802349380563,-3.541244530227905,0.0001267743999893595,1.002148707076833,-2.256267840715827,1.452109666545437e-07,-4.210482443382661e-08,1
164,1.001823337618555,-0.0009833693670528055,-2.363631407886511,0.0001917348094519698,1.000751384593527,-2.066337641962039,1.326739359107346e-07,-5.041753821509921e-07,1
165,1.001919834431221,-0.0007849691600368071,-2.537373373911748,0.0002271691957883563,1.000890872320472,-2.158257627316114,1.471329220623619e-07,-4.328985904577729e-07,1
166,1.001844745008195,-0.0009760386705052101,-2.415678505080983,0.0002164393036598383,1.000749378713433,-2.09399658620574,1.276860903051718e-07,-4.800301924647374e-07,1
167,1.001877553989613,-0.0007167049000795279,-2.496616496410975,0.0002247159520964482,1.001119858432108,-2.197276131206751,1.159947069783315e-07,-2.766365001970081e-07,1
168,1.001846300292047,-0.000774688331869339,-2.54613963641699,0.000336479116466565,1.001049077890615,-2.458061120903974,1.040370286955952e-07,-3.480979632946676e-07,1
169,1.001833399426805,-0.0005397324611402763,-2.459773710929147,0.0002816349965443834,1.001391968869783,-2.42582747881118,1.119781185132791e-07,-2.017748752613682e-07,1
170,1.00165780654794,-0.000880474900089225,-2.361620236676263,0.0002798051293488074,1.00060619073306,-2.253842679178259,6.012808497806952e-08,-4.784842451646534e-07,1
171,1.00172603360124,-0.0006895466651103703,-2.43554114015683,0.0002794108618527539,1.000775983829014,-2.290956264896607,9.126354848806096e-08,-4.296712206487867e-07,1
172,1.001662405317571,-0.0008461748354053781,-2.345855270865443,0.0002051872897829046,1.000700044195941,-2.144763780199466,7.531535835148237e-08,-5.187638247606269e-07,1
173,1.001788212039094,-0.0008354717207506438,-2.392008667371722,0.0002366177724415926,1.00069984005096,-2.193847236079312,1.213520889011309e-07,-5.122098546826177e-07,1
174,1.001469613649394,-0.0006186343099644366,-2.308625316116478,0.0001255944719588429,1.000781063106668,-2.15443584046124,1.505819585995695e-08,-4.715119496146096e-07,1
175,1.001367990305557,-0.0007270608139786164,-2.280315196919584,0.000202941576327531,1.000585915405449,-2.289437302868107,-2.370124515720895e-08,-5.258931328891544e-07,1
176,1.001436481577241,-0.0006375508754170776,-2.337730491131225,0.0001635700894323444,1.000728354290382,-2.227577780566635,-1.820835784381672e-09,-4.94956530331066e-07,1
177,1.001589726262902,-0.0006103741347865572,-2.433714600768133,0.0002311689039105699,1.000788247657639,-2.341132441459648,4.333392016264819e-08,-4.771413491273409e-07,1
178,1.001662797626609,-0.000576021113701471,-2.455037433606649,0.0002260096424636277,1.000944949209847,-2.368165357688877,7.481000541513909e-08,-4.734624578190232e-07,0.9999999999999999
179,1.001271119715332,-0.0006880187096151983,-2.113839875719168,6.512755351246775e-05,1.000772979340441,-2.028301855193586,-2.760485475818397e-08,-5.207148169182279e-07,1
180,1.001057511627093,-0.0009785110271869606,-1.865015276990648,0.0001797106836151149,1.000454507591233,-2.225404210140459,-7.556686303017147e-08,-6.677173193856279e-07,1
181,1.00121425975819,-0.000934690251685438,-2.026732118229117,0.0002129612382097675,1.000555719805259,-2.302059906346547,-4.006106794022002e-08,-6.349818067957684e-07,1
182,1.000976775035991,-0.0009874636219496216,-1.788073181852465,0.0001298206881578915,1.000453010217946,-2.144925536213749,-9.451478849504893e-08,-6.643768766100503e-07,1
183,1.00126236488567,-0.0008256024049916247,-2.057066250735446,7.399532316196014e-06,1.000599242962663,-1.85070125508242,-4.744795851738428e-08,-4.786776322769773e-07,1
184,1.001284275575306,-0.0008287759520225791,-2.105161245478873,-1.009067800775412e-06,1.00044389946623,-1.772171738267292,-3.896395332135233e-08,-5.309127652117679e-07,1
185,1.001445224782718,-0.0007978088423321305,-2.190540052858758,2.149925929986797e-05,1.000533655928879,-1.812492889729201,8.809059027423359e-09,-4.653293144668764e-07,1
186,1.001464832364095,-0.0007048942387353738,-2.279441255308923,-5.849762935693519e-06,1.000275672794901,-1.6719121548127,1.512117184168451e-08,-5.383901397593645e-07,1
187,1.001681747137075,-0.0006114573459564259,-2.353319777500694,6.844049404885066e-05,1.000796574272795,-1.947708673983397,9.038649080255076e-08,-4.190278201381106e-07,1
188,1.001426621827672,-0.000808994183458054,-2.169118705647675,-3.011371002251209e-05,1.000424285741391,-1.65310064735154,8.342940065839044e-09,-5.160733280624446e-07,1
189,1.001736015317219,-0.0006425641462034353,-2.39070658826867,5.697940513282228e-05,1.000925050520663,-1.912719315207984,9.586843616647201e-08,-3.946957897685532e-07,1
190,1.001453489401045,-0.0009053997360801095,-2.190267686947074,4.42589558045877e-05,1.000358710587423,-1.782274025749587,1.721619443509702e-08,-5.923899112236611e-07,1
191,1.001567204909708,-0.0008180474976924936,-2.276606468982525,8.320392695692494e-05,1.000563537899325,-1.963740069175549,5.36294325517493e-08,-5.209244131232489e-07,1
192,1.001515990431553,-0.0008798442953855731,-2.208678048944415,0.0001056601810388713,1.000527658810676,-2.002213264934693,4.760011995055844e-08,-5.628034940130687e-07,1
193,1.001663038990617,-0.0007917746458717101,-2.275938677584529,6.399124455624401e-05,1.000692033987424,-1.915544186158987,9.590413133985655e-08,-5.070682225225868e-07,1
194,1.001499480665416,-0.001105702341469843,-2.009767596650739,6.887224996393058e-05,1.000441128022694,-1.860841793099833,6.942353350115734e-08,-6.363002967769154e-07,1
195,1.001569420592531,-0.0009781476410912857,-2.069041366827306,-3.04570695449209e-07,1.000565918530749,-1.722511549947871,8.871466061300425e-08,-5.495263101494513e-07,1
196,1.001426753195557,-0.001147574337005118,-1.981564654877931,0.0001372968568393106,1.000441288269412,-2.075430384257247,3.670554288201199e-08,-6.772683945867234e-07,1
197,1.001452441893001,-0.0011074623956492,-1.905368548956318,9.851257247475468e-05,1.00057185654085,-2.008431454897447,6.725253218028232e-08,-6.472664951912551e-07,1
198,1.001107775193813,-0.001223307152857329,-1.699099599699533,-3.094450618350595e-05,1.000384907287885,-1.928950185547879,-5.652987973987842e-08,-6.604086485732708e-07,1
199,1.001181471262077,-0.001075932738495689,-1.828875530343123,-8.377494921057653e-05,1.000418102775324,-1.798671312854564,-5.180579197955297e-08,-5.777238077367063e-07,1
200,1.000984482439834,-0.001307241305822401,-1.624778506179813,1.725561680530954e-05,1.000191471879449,-2.010832783295362,-9.81485287665995e-08,-7.093398377836665e-07,1
201,1.00092195563741,-0.001463402687289592,-1.459112286322316,-4.301722683593439e-06,1.000294213830093,-2.002276228641271,-1.116481288759363e-07,-7.579416293822931e-07,0.9999999999999999
202,1.001071083907733,-0.001412339106124188,-1.583986877177508,3.076476569412032e-06,1.000341764650543,-2.006967853785333,-6.706054438148064e-08,-7.407807426943801e-07,1
203,1.000850527190918,-0.001266657225778661,-1.59183671621719,-2.771036630931604e-05,1.000200621186231,-1.91635916669912,-1.581874984322001e-07,-7.273039884061257e-07,1
204,1.000838565597325,-0.001252045812302123,-1.683993811813221,-4.976546415246222e-05,1.000111303856144,-1.8122410954828,-1.816331620520712e-07,-7.522091996288647e-07,1
205,1.001022784086435,-0.001174061624228309,-1.768053794391959,-6.668619701583757e-05,1.000340254651678,-1.837662866552583,-1.106023634648375e-07,-7.053822366224946e-07,0.9999999999999999
206,1.000959829096982,-0.001111795970518419,-1.693410023844088,-9.439258295427537e-05,1.000361930819612,-1.766741097375296,-1.323353271941488e-07,-6.429501282769085e-07,1
207,1.000972154818817,-0.001054422389262503,-1.784698541255614,-9.070807130481221e-05,1.000334239671901,-1.779388342648526,-1.363556548821199e-07,-6.527790232194973e-07,1
208,1.00094145316588,-0.001337174687800164,-1.492314159665308,0.0001745527646055397,1.00027428705012,-2.196869037197875,-1.06016853826552e-07,-7.060341535167676e-07,1
209,1.001757561773036,0.0004345622601422574,-2.960730911856681,-5.473622660080764e-05,1.001351283454416,-1.851339353020871,6.653373356740899e-09,-9.683611727572825e-08,1
210,1.00096758825667,-0.001284156025291172,-1.534443252903801,0.0001570201240788932,1.000321615375849,-2.167697475185782,-1.028393174804775e-07,-6.801285910704608e-07,1
211,1.000779201677072,-0.001373531965052085,-1.427127740944119,5.045201087346823e-05,1.000174622882371,-2.0302403579687,-1.466163662580752e-07,-7.506241980524269e-07,1
212,1.000794274615508,-0.001410826063759466,-1.454271200612256,0.0001334435746139401,1.000183538585709,-2.193847875788621,-1.545971216151949e-07,-7.789715682486086e-07,1
213,1.000787142048252,-0.001168831947942517,-1.528957746547066,6.343724321505932e-05,1.000195468706485,-2.055361050228156,-1.577227465947795e-07,-6.918708451010906e-07,1
214,1.000725990612948,-0.001258936888395144,-1.490313827032841,0.0001286181128037373,1.000159025094611,-2.213372764706913,-1.773802822438352e-07,-7.541536606246397e-07,1
215,1.000544599791012,-0.001143286740489238,-1.369221595042108,-4.50958777166983e-05,1.000003709640154,-1.739622056176249,-2.240214089560442e-07,-7.319333030610986e-07,1
216,1.000463125577135,-0.001325925405446452,-1.437172625723927,0.0001233183550666472,0.9997354071504598,-2.074613387362734,-2.766832754236698e-07,-8.449864970716342e-07,1
217,1.000381888712831,-0.001507895125023961,-1.203530746371138,9.658599204502131e-05,0.9996540367996396,-1.997022372830051,-2.608328186129283e-07,-9.217033125657673e-07,1
218,1.000602956565434,-0.001404588405831473,-1.497773935917078,9.597358922671344e-05,0.9996692393358678,-1.988778014178461,-2.260132729455348e-07,-8.963627657145135e-07,1
219,1.000686885142465,-0.001481832863078326,-1.455098173636874,9.642593597259256e-05,0.9997033432660855,-1.984714166375101,-1.747612065848398e-07,-9.275103199920884e-07,1
220,1.00093898729722,-0.001143993656343724,-1.493973110819135,1.045127372746605e-06,1.00023490762817,-1.883076969214098,-1.419657175329436e-07,-6.055192699946154e-07,1
221,1.000715363366439,-0.001764668319635022,-1.215246741958699,0.0001172962845057089,0.999644368724,-2.0164062759834,-1.922559989162856e-07,-9.03992415316954e-07,1
222,1.000481771094468,-0.001328442829719788,-1.215305499743907,-0.0001625914814463851,0.999871205760763,-1.68231852409983,-2.694681778757456e-07,-8.146000399561357e-07,1
223,1.000457150703176,-0.001554988144100327,-1.254217721166877,-7.257203159235053e-05,0.9995412814664809,-1.788526829236557,-2.786180754814565e-07,-9.542333007123655e-07,1
224,1.000281176866918,-0.001665593608784129,-1.041497956269539,-8.136086629376492e-05,0.9994873519581049,-1.792269288152155,-3.247519144836029e-07,-9.73162912160702e-07,1
225,1.00046720466401,-0.001785662916526524,-1.194013368732121,-2.177043595671656e-05,0.9994697067704928,-1.869047190649691,-2.750046665241624e-07,-1.051694669698042e-06,0.9999999999999999
226,1.000617859516866,-0.001675106719868071,-1.249503037535232,-4.815048699557383e-05,0.9997202110704979,-1.861350723025947,-2.2066508240476e-07,-9.583415485370697e-07,1
227,1.000786949539812,-0.001725002442789569,-1.466979353232196,0.0001182632398464549,0.9995425293838313,-2.019268921819951,-1.579347513086217e-07,-1.045450403316434e-06,1
228,1.000857312710591,-0.001722601628897486,-1.461718777854395,9.936337525314078e-05,0.9996294051021444,-1.987695458087373,-1.325472711176174e-07,-9.993619937809428e-07,1
229,1.000889756869184,-0.001508167126023842,-1.640614615271319,0.0001290272534761384,0.9996574372368281,-2.04227281673264,-1.438807208888245e-07,-9.396809724648322e-07,1
230,1.001048450800052,-0.001397120767275289,-1.688204116634631,0.0002035275054971911,1.000031639112908,-2.250522068833358,-6.341685585064758e-08,-8.843299370239097e-07,1
231,1.001045622683594,-0.001621309957398181,-1.605120826201078,0.0001786543156401826,0.9998814589354537,-2.184903060707398,-5.115870953607658e-08,-9.830265076155686e-07,1
232,1.001791961197132,-0.001258430957923117,-2.263181894143504,0.0002893567514370082,1.000320461186065,-2.247473649532627,1.601951954998439e-07,-8.16862103462218e-07,1
233,1.001603185423541,-0.001183233251234426,-2.183986463125763,0.0002245366271919326,1.000324784800511,-2.116891650934405,9.79244140152903e-08,-7.902323684512e-07,1
234,1.001856530122801,-0.001224650545147957,-2.242290047215538,0.0001717210435547302,1.000534535374398,-2.02015185431541,1.777527655691016e-07,-7.373972150012777e-07,1
235,1.001926429983809,-0.001261804213367818,-2.269135652077523,0.0002201859840006241,1.000606045857108,-2.138869598127003,2.078575981726432e-07,-7.726544635270884e-07,0.9999999999999999
236,1.001628935721601,-0.001339686154615722,-2.135334211845108,0.0001630272881752612,1.000373508048543,-1.975947321781179,9.88099033436167e-08,-8.143421754751545e-07,1
237,1.001999922890447,-0.001310665053095908,-2.21108704160576,0.0003034960934699091,1.000874457838089,-2.24676592865633,2.385715377119655e-07,-7.200503917229729e-07,1
238,1.001965862466447,-0.001343825998430968,-2.184147930203481,0.0002879046463340553,1.000721357941593,-2.178933399118754,2.394185381040368e-07,-7.726593531512562e-07,1
239,1.002369531259508,-0.001334282238764343,-2.55115333276095,0.0003372413637368473,1.000827848672781,-2.273010455378453,3.564716955537752e-07,-8.195475213768708e-07,1
240,1.002064130670248,-0.001442219000698175,-2.476008083111591,0.000197791001321788,1.000546326869163,-1.976977577279092,2.594383633766768e-07,-9.657647888360595e-07,1
241,1.002140244788985,-0.00124644694657581,-2.594435385003414,0.0002228634661015272,1.000671961428841,-2.035304368124519,2.670456810749024e-07,-8.401837220339773e-07,1
242,1.002108511264523,-0.0015175995619408,-2.514359603118709,0.0002110490238501005,1.000621355242069,-2.030784997129829,2.826247254068808e-07,-9.352596857867104e-07,1
243,1.002208656059465,-0.001405356067336449,-2.624699777383601,0.0002255410818074963,1.000751836203048,-2.087792969214116,3.090884903381451e-07,-8.957024577394892e-07,1
244,1.002120002486435,-0.001481208515775006,-2.599665705783531,3.885199196440473e-05,1.000511151873882,-1.619882771878688,2.826092522077034e-07,-9.536632024124531e-07,1
245,1.002425531291248,-0.001328505337758558,-2.842120515950596,0.0001445778572053045,1.000740928633955,-1.862517159814645,3.60345817706658e-07,-8.728017734881309e-07,1
246,1.002319230909661,-0.001683669816090225,-2.647993217512307,9.162363057611075e-05,1.000702243804203,-1.775157100671245,3.486525843810347e-07,-9.952192791101462e-07,1
247,1.00272577991696,-0.001168633608346498,-3.213278895161444,0.0001658332450365798,1.00117497492425,-2.014171304148225,4.296669543076036e-07,-7.879049778404419e-07,1
248,1.002405401888083,-0.00180683920094464,-2.590365992354898,4.362781710021048e-05,1.000596260384952,-1.566075959972682,3.962275691922401e-07,-1.04409045324305e-06,1
249,1.00293181079502,-0.001477838213662585,-3.348490285632883,7.07408487070723e-05,1.001130926786066,-1.818103449104588,4.920176864480131e-07,-9.257107684606995e-07,1
250,1.002813586565424,-0.001700682484672426,-3.16733956955524,6.343620181876821e-05,1.000974582740261,-1.77668189924819,4.720253973997251e-07,-1.017615297285548e-06,1
251,1.00299956568721,-0.001591362511265116,-3.279438433017864,2.088385692972934e-05,1.001075359283923,-1.666347064547925,5.261799456611367e-07,-9.493297577242954e-07,1
252,1.002938155577908,-0.00152094315744524,-3.301612018902884,5.229184434855213e-05,1.001080958510962,-1.752922586196204,5.128484215560818e-07,-9.66694851886844e-07,1
253,1.003052614822981,-0.001403245937072359,-3.397789216021237,-1.946483801719807e-07,1.001055564112662,-1.605365303615579,5.381153473554366e-07,-8.724315240671039e-07,1
254,1.003166324581946,-0.001703504144811428,-3.380142403442484,-4.109653991370131e-05,1.001028976308858,-1.494975521603644,5.87871223947334e-07,-1.014933828827668e-06,1
255,1.003147025754918,-0.001711402742161843,-3.328319324789321,-4.73954203412401e-05,1.001017955933541,-1.47032559126457,5.83827036929394e-07,-9.966100752678351e-07,1
256,1.003079767046856,-0.00124974940554124,-3.62147111265343,-1.541455909515316e-06,1.001235817694921,-1.558634463311404,5.440924216534882e-07,-8.882942359601578e-07,1
257,1.002907098948551,-0.001510408683694825,-3.494549062959703,-3.778979804239936e-05,1.000952165698296,-1.430016584525002,4.942773748936385e-07,-1.018214728174501e-06,1
258,1.002935034079619,-0.001260868281089672,-3.587131750657927,-0.0001573339742062753,1.001197415601261,-1.350984178703322,5.048437721320005e-07,-9.494144965986185e-07,1
259,1.002927010848445,-0.001388954064627156,-3.533229919221785,-0.000149088472068434,1.001198775700206,-1.386719709994163,5.134557505330359e-07,-1.016410514251999e-06,1
260,1.002851668872466,-0.001375896740923179,-3.464295197917909,-0.000195888993711711,1.001136365162393,-1.273355830605382,4.871830449585619e-07,-9.68534776543802e-07,1
261,1.003089270260881,-0.0009973355898958895,-3.690075057834833,-0.0001378436996606085,1.001539136842876,-1.486348946622192,5.228373118738728e-07,-7.230160572698818e-07,1
262,1.002921416322996,-0.0009870147184591956,-3.652673383948933,-0.000162044674202584,1.001425685027564,-1.442393856658797,4.598147983350835e-07,-7.502215053292326e-07,1
263,1.002370912794402,-0.001189049819155465,-3.099132334321655,0.0001482794321880731,1.000765179649418,-1.959802491734207,3.910636244554268e-07,-9.338003490172375e-07,1
264,1.003168139955487,-0.0009357468044240441,-3.80605859842993,-0.0001098621366998291,1.001421975238886,-1.546180685128762,5.622859394123241e-07,-8.273868165294266e-07,1
265,1.00325442445614,-0.0008544187723975502,-3.904898264508182,-2.884515297738118e-07,1.001645472141466,-1.80362795142112,5.859277216617892e-07,-7.958571627019362e-07,0.9999999999999999
266,1.003295747303686,-0.0007287820449227379,-4.021538101514914,-0.000178938838737305,1.001722775008685,-1.533478523250365,5.741861300417481e-07,-6.951216787729342e-07,1
267,1.003285324707268,-0.0008404799932867466,-3.902404489735917,-0.0001197328553471965,1.001696807511967,-1.656833142670401,5.985432078088793e-07,-7.785031788559522e-07,1
268,1.003065332688502,-0.0008903330478273878,-3.85223899503359,-0.0001027195173524328,1.001367310767259,-1.621762209365309,5.413831292247716e-07,-8.592561433268616e-07,1
269,1.002515179726359,-0.0007906596470196525,-3.463782407142957,-9.173179557144351e-05,1.001221950254964,-1.714712900610365,3.864165997299711e-07,-8.231912010424194e-07,1
270,1.002954882454665,-0.0006849671518720892,-3.82681025074991,-6.550573314601105e-05,1.001551255172336,-1.749741117090192,4.863778823334338e-07,-6.340363811656984e-07,1
271,1.003018991357139,-0.0009012964854781771,-3.790023488369835,-6.967946533016674e-05,1.001495293686775,-1.741369537765025,5.139523883446416e-07,-7.15769003830476e-07,1
272,1.002856749785804,-0.0008268768121140911,-3.692865182112856,-8.135101249148646e-05,1.00139178484563,-1.680794989866927,4.725163423335718e-07,-7.128771514381698e-07,1
273,1.002400942015481,-0.001039833349303334,-3.491377544521131,-8.287307298868074e-05,1.001032621365267,-1.653574691214224,3.677643217302909e-07,-9.676391064123272e-07,1
274,1.002445837802581,-0.0006336780916649667,-3.683250027130427,-4.260747744665926e-05,1.001160178639994,-1.778680213020726,3.506365505447185e-07,-7.923147778703494e-07,1
275,1.003355529826639,0.001571169736847659,-5.27763307803994,-8.017050239018257e-05,1.002434697659247,-1.966494064985158,4.623238310220159e-07,2.952476967014689e-07,1
276,1.002392595769034,-0.0005312376407989898,-3.763159542032299,-0.0001295761013448721,1.001231749556248,-1.610775427404473,3.271307954088027e-07,-7.689494298588854e-07,0.9999999999999999
277,1.002345055079787,-0.0007597785366352388,-3.581383703920445,-0.0001439566007439903,1.001154600479638,-1.540134709028738,3.422149802878114e-07,-8.629189403927885e-07,1
278,1.002307991129541,0.001005237528884293,-4.325507209081507,-0.0005813384787664668,1.0021899695143,-1.082094259011539,2.580368320923883e-07,-3.093761764762185e-07,1
279,1.00218219724393,-0.0008111579999994411,-3.37070299201511,-6.959899816277271e-05,1.001034181555013,-1.65735976065696,3.036081262139982e-07,-8.255262278477464e-07,1
280,1.002341424386318,-0.0007623664806928478,-3.632286465050599,0.0001043438517112537,1.001120072244399,-1.978849123043596,3.417655068070844e-07,-8.812215967590459e-07,1
281,1.002086106233767,-0.00103641960039557,-3.291704273983086,6.096993594528168e-05,1.0008530136629,-1.844171474855242,2.904559333838415e-07,-9.644659613859174e-07,1
282,1.002100203562782,-0.0008262047770937083,-3.440286922527734,2.966864178271894e-05,1.000998939964258,-1.870216829665494,2.761663986193014e-07,-8.768772580173423e-07,1
283,1.002098395188656,-0.000985052275543474,-3.301979024648134,4.696909689104684e-05,1.001021528605005,-1.904331504223496,2.972073071195286e-07,-9.129558391727347e-07,1
284,1.002498249514251,-0.0008364358404841552,-3.657465698240389,4.792467082559257e-05,1.001268971124074,-1.899603410696029,3.951400213789912e-07,-8.287114405548694e-07,0.9999999999999999
285,1.002838393438019,-0.0006918049520380958,-4.100901713807476,6.328724061283278e-05,1.001217264493114,-1.780230202756983,4.796552377603551e-07,-8.488532641224005e-07,1
286,1.002853735319389,-0.0001811986816566584,-4.284505019416789,9.299277077907516e-05,1.001449373274037,-1.919379305954248,4.642676475951739e-07,-6.260342430988587e-07,1
287,1.002077423120868,-0.0005278100527700786,-3.795704564245024,-4.596614971345392e-05,1.000766392224588,-1.644726861719667,2.666675100230455e-07,-8.909452406494103e-07,0.9999999999999999
288,1.002052314059971,-0.0007954504204908197,-3.650345808801035,4.110823482580312e-05,1.000598792825979,-1.777499589882174,2.87831226524651e-07,-1.032692054431467e-06,1
289,1.002141922437872,-0.0007599013474918215,-3.725364358536977,3.757433348806347e-05,1.000851560761475,-1.839451209298348,3.08995722396296e-07,-1.020291784274325e-06,1
290,1.002534168076405,-0.0006515261762248771,-3.952705410955324,5.556011441763544e-05,1.001258076694966,-1.877019740105646,4.42302468637312e-07,-8.383286034437228e-07,1
291,1.003440082123831,0.002763348570633892,-5.555113149348247,0.0003259403065503548,1.004047682633859,-2.998407419511219,4.760169546491951e-07,1.088857895250632e-06,1
292,1.002061014070263,-0.0009193168529303963,-3.525748472866731,0.0001454082784601342,1.000976698229066,-2.049853127868951,3.387654602030504e-07,-9.542602096022219e-07,1
293,1.002467608927817,0.002554182680669409,-5.24596502490025,-0.0005008037063565587,1.003244998682512,-1.47038825561153,8.383759104231795e-08,1.02879576384283e-06,1
294,1.001467395455738,-0.0007388806602828355,-3.103220812462443,-0.0001862700571494213,1.000757401895158,-1.366584828165379,1.597050414548113e-07,-8.5877981615905e-07,1
295,1.002395064507439,-0.0001732143244137326,-4.36367855265986,0.000176833338950725,1.001196195792427,-2.092151379312094,3.90040593154928e-07,-7.39155658544382e-07,1
296,1.002139797767913,-0.0005023232774252784,-4.058021659016172,0.0002067798947521721,1.000940398231133,-2.129736391588515,3.420764359337721e-07,-9.318614414596743e-07,1
297,1.002447410120126,0.0002962762590217651,-4.352285224920267,0.0002887096162074624,1.001734125953667,-2.438201233295352,4.116103023114337e-07,-5.045190420986892e-07,1
298,1.002411732022587,-0.0005417611464270091,-4.091191366147966,0.0003860278919738937,1.001264589569711,-2.547363601719302,4.558098618214824e-07,-9.242102648048188e-07,1
299,1.002447332130155,-0.0002891198569618801,-4.417480054093113,0.0003904603288720948,1.001299257275333,-2.551759246518861,4.648805675761263e-07,-9.395147262245319e-07,1
300,1.002303258913057,-0.0005660430603245923,-4.099171236489503,0.0003210690703718318,1.001075678870745,-2.358889547545274,4.596725704124054e-07,-1.050114092182647e-06,1
301,1.00242919422622,-0.0001952576216484728,-4.369600020540966,0.0003213054656096045,1.001342690049989,-2.387884085367062,4.635519347190446e-07,-8.719211770732351e-07,1
302,1.002359498028337,-2.695342018190942e-05,-4.242786330516188,0.000277415463512695,1.001372539849363,-2.228259107906123,4.696873582723717e-07,-7.983190031352932e-07,1
303,1.002075822531586,-0.0002974212725761485,-3.94493997563516,0.0002740785705362495,1.001132394835296,-2.202736990134956,3.983752834061568e-07,-8.939764419161337e-07,1
304,1.001722095877786,-0.0006654187558347481,-3.77935451467018,0.000257481913615301,1.000735375892211,-2.14315798252979,2.750026911616662e-07,-1.070436893046608e-06,1
305,1.001830666852095,-0.0004855689168893801,-3.937194597564004,0.0002695728662329324,1.000833740439673,-2.161671149897474,2.874015180700479e-07,-9.867887747648938e-07,1
306,1.002206256959599,-0.0003818190656296238,-4.272427654737825,0.0003461847654933935,1.00102185107007,-2.302053599001694,3.906521776631188e-07,-9.512587118727387e-07,0.9999999999999999
307,1.002173820018336,-0.000797434117124092,-4.013050592485948,0.0004087096291756725,1.000630845253601,-2.288030803986313,5.049458578535386e-07,-1.306374166533692e-06,1
308,1.002167629065132,-0.0005551749111857655,-4.210110424171807,0.0003924986418765685,1.000773248779733,-2.307758924269369,4.588986677413189e-07,-1.185300689098863e-06,1
309,1.001817709996383,-0.0005099192234215446,-4.035249116494287,0.0003169315378479244,1.000749553043306,-2.232121533098674,3.348636375885538e-07,-1.134617127968397e-06,1
310,1.001989288855853,-0.0004008643115168389,-4.20462504180758,0.0003150203573922153,1.000891392264289,-2.184630236219039,3.717968208807725e-07,-1.027128125064521e-06,1
311,1.002490031628994,-0.000301235793677307,-4.535589565724401,0.0004267464990590355,1.001117613805842,-2.228720526918445,5.117872741222133e-07,-8.821489919306316e-07,1
312,1.002494292262222,-0.000185881483326553,-4.695721359503636,0.000431314469161899,1.001136847914729,-2.272051174939438,4.828488580098968e-07,-8.279811966992071e-07,1
313,1.002175525126912,-0.0003679955970001536,-4.353697287926263,0.0003403419124544078,1.000849476479372,-2.027611564863804,4.149092346555411e-07,-9.333169936743114e-07,1
314,1.00243665405745,-0.0003728662677444743,-4.48746472460034,0.0003604683778580212,1.001131188320686,-2.205068198998433,4.888433322418216e-07,-8.813879934288717e-07,0.9999999999999999
315,1.002594209530215,-0.0004682621757887596,-4.325554072557168,0.0004246966052427335,1.001221097061635,-2.289844592089882,5.969889865958738e-07,-9.234117751990818e-07,1
316,1.002856882573061,-0.0007594099558485671,-4.532032407524913,0.0006653364500075506,1.00105305976948,-2.570518784736291,7.491608779330301e-07,-1.228409674419623e-06,0.9999999999999999
317,1.002944722583068,-0.0007613040107043043,-4.557144037872103,0.000647037233147835,1.00106743307071,-2.509118813082007,7.776490063083454e-07,-1.215703676083475e-06,1
318,1.00280424970199,-0.0007428536625506835,-4.540307749091288,0.000605348039687781,1.000974261182772,-2.413961924471586,7.240678095964731e-07,-1.233067469317918e-06,1
319,1.002942096243266,-0.0005550619854048548,-4.650793800531573,0.0006023533977451413,1.001311227746086,-2.397791465072788,7.652945256239591e-07,-1.074344247378699e-06,0.9999999999999999
320,1.00280717988546,-0.0006734708155240889,-4.479750540743797,0.0005782788921175498,1.001122837428903,-2.314816636839109,7.455596566489638e-07,-1.155195808939446e-06,1
321,1.002791021932769,-0.0007221499760433338,-4.612268112690494,0.0006280302310127576,1.000960882145713,-2.322580885968446,7.003369162555071e-07,-1.177278465942606e-06,1
322,1.00271713543577,-0.000816280486626957,-4.456187457126092,0.0006108034372825389,1.000802009781946,-2.238883991879968,7.095016094913354e-07,-1.2710504560841e-06,1
323,1.002750452390987,-0.0004550850275708214,-4.611094941247906,0.0006565570567483934,1.001070875414225,-2.507779606849518,6.876280629618522e-07,-1.088881777729527e-06,1
324,1.002783474075199,-0.0003271230969004306,-4.674787475703064,0.00062680310039671,1.001160132265591,-2.467034737340389,6.886549327399853e-07,-1.028788124479587e-06,1
325,1.002810186398351,-0.0005774947125111844,-4.569761602263079,0.0006734435809883439,1.001107091019632,-2.532535530377053,7.201084956757395e-07,-1.117383867075821e-06,1
326,1.002757115091684,-0.0005715068956038754,-4.564337123355084,0.0005872988117573823,1.001170531185736,-2.542700945510699,7.160227676357966e-07,-1.146386983632048e-06,1
327,1.002698119738446,-0.0004170536720383933,-4.580842008187885,0.0005297592496266941,1.001165912460448,-2.420851338001135,6.923482241073156e-07,-1.113209570043878e-06,1
328,1.002551634098596,-0.0004446006938410121,-4.555285025661842,0.0005739449432464698,1.001093484985701,-2.461971657485063,6.733858488413229e-07,-1.177897479081945e-06,1
329,1.002740475783656,-0.0003554561297914124,-4.682786063721276,0.0005768078389700523,1.001251855647083,-2.469647932454893,7.18059572572392e-07,-1.105921790920328e-06,1
330,1.002597687310202,-0.0006158566190208022,-4.550834187967107,0.0005845264816015555,1.001047562486808,-2.479188831613104,7.004595099048679e-07,-1.266984652851973e-06,1
331,1.002748166369905,-0.0004968819107996186,-4.671102494085463,0.0005637598133927112,1.00125526119146,-2.42451828285114,7.299656900196082e-07,-1.155016264164461e-06,1
332,1.002615248357469,-0.0004305919525665316,-4.648998076846619,0.0005426261061539919,1.001138523154,-2.367163212743575,6.793981624196386e-07,-1.155086197264633e-06,1
333,1.002609824656139,-0.000579731777300296,-4.494763476398153,0.0005941747834286164,1.001127897062384,-2.454614849393545,7.156584798848806e-07,-1.237975113976916e-06,1
334,1.002684140223441,-0.0005884074705384695,-4.614264462174583,0.0006245908638226584,1.001223018753174,-2.557092860609338,7.272742112758009e-07,-1.175900805316163e-06,1
335,1.002372994215767,-0.0005513893931964164,-4.612828058085567,0.0004802871597639709,1.000735310124145,-2.062753306492179,6.089773748372789e-07,-1.271036544720425e-06,1
336,1.002214154563292,-0.0006972846331424265,-4.48310642956617,0.0004968058450996025,1.000702003375731,-2.136286327532364,5.645739045815904e-07,-1.332019249186383e-06,1
337,1.002386562899489,-0.0004279466505967586,-4.583325240926898,0.0003776570788225953,1.000691114132932,-1.799451730625169,6.358182174161945e-07,-1.242257687999303e-06,1
338,1.002080656034426,-0.0004954079937467333,-4.639447466087804,0.000424078078543498,1.000437571365765,-1.855605467988402,4.871527427631707e-07,-1.263689193354466e-06,1
339,1.002264265699879,-0.0003662428693337015,-4.796583523283529,0.0004718716635554384,1.000672760849912,-1.984770272528217,5.340742137695902e-07,-1.192901255807029e-06,1
340,1.00228899689943,-0.0004385198272600911,-4.859326928586949,0.0005045908125100597,1.000656210357591,-2.016508821543063,5.495728649515628e-07,-1.189412082969672e-06,1
341,1.002463423165699,-0.0004365562083206631,-4.96819699276003,0.0005769195554512778,1.000764703133703,-2.177163417749917,6.070504154527757e-07,-1.202586464732521e-06,1
342,1.002294974918489,-0.0003142034183023895,-4.879515227399475,0.0005694086067082826,1.000727352389018,-2.192305200671469,5.657465243085659e-07,-1.153747235068077e-06,1
343,1.002482985900741,-0.0005424896413988658,-4.815214105870366,0.0006772542118854545,1.00087185328791,-2.388443804441373,6.671291613376034e-07,-1.229388626626191e-06,1
344,1.002449200096478,-0.0005765455859983949,-4.753603746729242,0.0006622067729201809,1.000812317754882,-2.345253383879955,6.646876915852537e-07,-1.245420862855353e-06,1
345,1.002332817640737,-0.0006862355943867118,-4.745766696042537,0.000573013895130543,1.000490909221196,-2.113906588570308,6.453636763011014e-07,-1.45149409760098e-06,1
346,1.002273158293027,-0.0006973043295605659,-4.729424404704247,0.0005944528185526706,1.00040077592874,-2.139749717064141,6.226592450506706e-07,-1.438086640469715e-06,1
347,1.002642084956006,-0.0005013342295770153,-4.936130006952594,0.0006330572598188722,1.000781310997005,-2.23432362305798,7.350075523074378e-07,-1.260914861740376e-06,1
348,1.002782946457063,-0.0005410832214081238,-4.980739980127469,0.0006679210319586779,1.000857646672076,-2.310601624058053,7.980511384321505e-07,-1.290870609618542e-06,1
349,1.002432217266853,-0.0004250603319313209,-4.897107615174191,0.0005790214642923205,1.000706864100401,-2.137808584900929,6.518394787176329e-07,-1.256875305240005e-06,1
350,1.002472763592217,-0.0005297983245720636,-4.876219429591901,0.00059854646856908,1.000690217500547,-2.185785693421519,6.75159868455237e-07,-1.273216609863544e-06,1
351,1.002503372898621,-0.0005811662672603728,-4.822940899116909,0.0006266582112043395,1.000743180214034,-2.263607193641646,7.012761834411946e-07,-1.292843049901004e-06,1
352,1.002802494928455,0.003255251207300136,-5.498827121596234,0.0008527262319199537,1.002925064284865,-2.884136586918072,6.804315247815886e-07,5.94404673135066e-07,1
353,1.002824626842845,-0.0005054041739313173,-4.960314577500975,0.0008602780293185535,1.000892512046622,-2.555675785397261,8.129680307356608e-07,-1.229907841507439e-06,0.9999999999999999
354,1.003071409176193,-0.0007760025243128034,-5.158143225245979,0.0007799884814382384,1.000792081179658,-2.361597871450475,8.915603704522194e-07,-1.396812395177897e-06,1
355,1.002863493481035,-0.000722775784755343,-5.220600961246205,0.0006685065684084742,1.000471307259478,-2.151337754459776,8.321558507154791e-07,-1.553991030779218e-06,1
356,1.002797696223537,-0.0006742517735179329,-5.240427984977338,0.0006351510697136298,1.000447965451052,-2.11774572332578,7.95902420617185e-07,-1.537039728612584e-06,1
357,1.002854145588222,-0.0005441050701040642,-5.370171862222878,0.000701589124441223,1.000670402671558,-2.341419248929659,8.218478737596868e-07,-1.496466670989878e-06,1
358,1.002847514348193,-0.0005304129326965903,-5.436867201960486,0.0006880881712695724,1.000610769585631,-2.342126459017192,8.072216305507482e-07,-1.515272962736037e-06,1
359,1.002714381131701,-0.0005950997193012924,-5.176453149021168,0.0007669072106006141,1.000640726706921,-2.406403277429177,7.991818030063313e-07,-1.520638462438038e-06,1
360,1.002852141118818,-0.0005655035616105105,-5.254523977749926,0.0007850342024237919,1.000809900799291,-2.474457554190008,8.30446436903579e-07,-1.439506129725367e-06,1
361,1.002847412651801,-0.0005832167067672921,-5.275532196410369,0.0008041510000288339,1.000776169377205,-2.50365888525599,8.308976161025869e-07,-1.479068768679904e-06,1
362,1.002489393830953,-0.0004184014351958335,-5.224885129872261,0.0007111308199959439,1.00069039650943,-2.40080301395191,7.169242309786878e-07,-1.439423862800422e-06,1
363,1.002470078286961,-0.0005280966217886777,-5.13896725870418,0.0006057173242922989,1.000460163958544,-2.095722923314082,7.278600299787673e-07,-1.506311550610244e-06,1
364,1.002851203618428,-0.0004871599518820142,-5.380426972969992,0.0008160368197339864,1.00065767291343,-2.369023035623615,8.42072416871193e-07,-1.438234341779168e-06,1
365,1.002962181729803,-0.0004096295856802185,-5.486147187840811,0.0008111141016656893,1.000735545515709,-2.342942871596863,8.574041533110189e-07,-1.362935756545517e-06,1
366,1.003112225078078,-0.0005445385981978359,-5.467945953195027,0.0008193374315630921,1.000895494982819,-2.40992917947897,9.348372890857109e-07,-1.409470452385051e-06,0.9999999999999999
